0.221198
0.167749
0.255035
0.00976367
1.22461
2.03694
0.397603
13.4284
2.21198
1.44481
4.26603
0.428119
4.06569
0.619776
0.908636
1.37057
1.08147
3.64302
2.00223
1.66897
1.08998
0.942869
0.668946
5.01284
4.33656
0.931775
2.07951
2.7635
4.03704
3.4982
1.02833
3.52592
3.12226
5.87698
3.76781
0.445085
1.39976
6.38535
3.7845
0.32934
6.60446
8.78946
11.8172
1.01414
0.0552913
1.37568
3.29584
0.937837
3.66151
0.140616
3.35614
0.652496
9.02961
0.769044
2.31065
7.09777
1.99749
4.86235
4.07261
8.94047
3.4536
1.48734
9.5709
2.24719
6.38012
1.59124
4.80605
7.45973
0.388298
0.974304
0.235366
2.91966
1.1453
0.698597
1.01097
0.262913
3.02229
0.281649
1.90525
1.50987
1.75116
3.05513
2.92341
2.76553
1.09988
1.2959
0.104059
4.33591
2.24649
2.25778
4.11296
1.22749
4.25597
0.30005
2.21629
1.94915
5.35304
3.42232
9.08025
1.30876
2.0429
2.84835
6.13585
3.95207
9.35992
1.03944
6.75205
0.73162
7.2463
0.134507
3.82051
1.49207
14.1893
12.7843
9.85537
5.8013
3.46449
12.5064
7.3765
2.3991
9.23313
9.10483
1.45986
1.81276
7.25922
7.04747
11.6501
14.2996
1.53565
3.24462
6.04874
6.75272
9.38088
0.59963
0.318605
0.500605
0.253493
6.80578
2.84914
5.54438
1.83475
5.54961
1.59874
1.8469
7.69919
5.01429
6.42323
1.25461
7.88829
2.47826
11.3486
1.17196
6.2367
9.23858
10.7142
5.5506
11.1659
11.6155
14.3742
13.553
18.6145
7.26604
5.75831
18.3317
4.38324
3.80219
12.1261
9.81513
4.49204
8.2812
4.645
2.44615
13.9371
10.0744
9.79815
6.39292
7.31952
6.014
3.98836
0.735433
5.32533
0.440961
4.86071
6.21973
5.77998
14.5527
0.136706
3.20082
0.384683
4.43369
1.09311
1.61915
7.72007
4.8144
7.91293
3.97715
3.73302
2.85424
0.968761
2.29978
0.11369
1.54673
0.307121
1.056
2.12462
0.108254
0.770039
0.418173
5.76239
1.00704
1.31477
0.242036
0.722207
0.228855
0.594159
3.04907
0.735833
0.895316
3.43359
0.997023
2.09481
6.34648
2.4452
2.33383
0.172354
5.1852
3.05222
9.22226
8.12641
11.8707
11.1345
3.0633
1.17386
7.5778
2.12919
26.1157
4.77883
16.6599
2.79652
11.9042
5.26742
9.68562
4.15947
10.4161
7.36963
8.01823
0.575554
14.7109
5.03916
