74.7785
1.82472
7.78051
6.44428
0.479534
1.24803
4.19367
2.26452
2.44374
1.63968
4.09748
1.13043
4.31736
3.09143
3.20124
6.41926
6.18293
4.41023
5.09451
5.40895
1.20288
1.60015
1.08051
0.668414
3.33653
13.7349
1.06903
0.577682
4.40556
3.73944
0.703146
2.9893
0.496292
9.25576
3.51534
6.21146
6.3997
3.50218
4.27158
0.942446
12.5324
2.6601
6.22157
5.59221
6.66882
11.3125
9.48652
11.5154
7.96488
25.652
5.27739
13.3564
5.77215
5.86741
6.24786
6.21279
6.48339
16.5867
4.8863
3.59288
2.5444
9.4027
4.03699
2.90361
3.76249
5.64527
3.01998
2.1567
1.88236
12.0824
5.92535
6.25167
2.53458
0.715374
0.132159
1.47975
2.07622
2.39138
1.07329
1.01338
3.87668
5.25951
1.45515
4.43597
2.71741
4.82287
0.228872
3.71148
0.497442
1.24933
3.67801
1.51143
1.02867
5.47694
1.85798
2.18973
6.92474
3.90694
2.64965
2.16825
2.41628
5.81721
2.10845
0.991088
2.00863
3.05654
1.05091
4.54098
2.23339
1.12006
4.75268
4.92642
5.34159
4.99248
1.19424
3.46797
1.42187
6.36972
2.63942
9.98434
4.54871
17.78
2.27581
7.87473
11.5596
12.4645
4.14426
14.449
6.93891
12.4501
14.5818
7.70896
16.5569
15.6578
5.16919
15.6235
13.8571
6.47991
10.2772
4.26187
12.4964
8.55066
7.32007
1.95014
8.84491
2.38236
2.53856
2.57695
4.39095
1.4879
6.4485
2.24101
10.3918
2.21612
4.44729
2.09207
4.00413
5.79219
3.33787
7.47807
3.81955
13.1676
2.34153
2.43391
2.55906
5.0068
6.35861
11.8093
3.43291
2.892
4.21986
3.65213
7.74665
4.88998
9.33877
0.785262
1.66948
1.1448
11.0147
3.59827
3.32185
4.64519
1.8724
0.897556
2.71509
3.02919
1.93347
3.31423
0.434653
8.28054
0.850174
8.37514
3.09667
1.69729
1.41858
0.309519
2.37544
2.78577
4.477
1.67667
1.38973
1.40242
8.16339
9.8277
0.437027
2.89668
1.75775
2.93593
1.36838
1.03094
9.49103
2.38315
0.276517
3.36785
6.07545
4.01701
5.93911
0.962031
1.60749
8.06332
3.31831
10.7234
3.57109
6.399
7.05753
5.91664
3.3086
2.43675
5.36746
1.87817
1.12665
2.10929
2.19819
9.12579
6.86797
1.90972
6.28146
1.98933
6.05538
4.52468
6.38853
4.57804
0.559499
11.2577
2.78526
3.09802
5.12942
5.28924
6.16944
