0.728625
4.82877
8.56677
5.69631
1.77488
10.3837
3.62188
5.4165
8.40125
2.77485
0.505368
1.69518
1.76493
1.67567
0.2267
0.804762
0.0945928
5.23463
0.610578
0.570899
2.68226
0.360777
0.413808
2.70696
1.22217
1.33347
0.688377
1.97887
1.21154
1.06051
0.511723
0.315113
0.368223
0.478676
0.425166
2.28825
0.0729578
1.3322
2.69921
2.2517
3.025
2.84111
4.95279
3.1845
0.886571
0.478499
1.925
0.919519
0.713104
0.850108
1.85644
0.0935712
3.11127
0.374676
0.0590756
1.19555
2.62684
2.54206
0.422118
1.55891
0.0127998
1.45457
2.18977
2.78038
1.66711
0.297527
0.689414
1.17626
1.45616
0.746282
0.843985
0.917361
0.0300362
2.59338
2.55464
0.298454
1.67736
0.0768058
1.91853
0.624751
0.410889
3.39287
0.953374
0.608654
2.57448
2.5698
0.0669705
2.88985
0.343837
0.0916056
0.301222
1.62726
0.594643
1.68035
0.582737
2.03831
2.28738
1.1784
3.425
0.908331
0.0161184
3.85536
1.83457
1.28361
2.62476
0.43627
0.69901
3.61923
1.57332
3.00106
0.877787
0.855054
5.63386
2.27545
0.740876
1.20481
0.810676
5.45144
0.0941713
0.478418
0.798715
0.634107
2.76388
0.278284
1.23233
0.910405
1.88661
2.09466
1.33784
0.126259
0.608154
0.361858
0.812114
3.95253
2.0339
0.137822
0.167251
6.78198
0.885098
1.39153
0.478994
0.881936
1.59391
0.958764
3.34134
1.42235
2.08231
0.491038
1.05574
0.537878
6.48739
0.908007
0.641401
2.36461
1.72119
5.73575
4.68934
1.23609
1.79893
3.46848
1.69786
0.711972
0.629356
1.73461
5.22399
0.984718
1.65992
0.811573
0.135849
0.460937
2.91123
0.046953
3.53938
0.996311
13.5569
1.10111
0.952195
1.33798
0.0105371
0.966214
7.14454
1.88831
0.889483
2.06719
3.13502
3.81546
4.1278
0.287119
0.711618
0.761746
0.356465
1.57028
2.38178
0.230607
7.89791
1.05928
1.36572
0.056639
0.46253
2.62439
1.68366
2.29687
0.388985
0.481375
0.943862
0.0642935
1.36443
0.252667
3.2572
2.68481
0.304782
1.09341
0.953926
0.0940043
0.569696
3.33341
0.392959
1.06872
1.71197
0.0221247
3.67854
4.91991
1.63126
0.695837
0.244929
4.35622
0.700281
2.66079
0.889225
1.15403
0.601707
1.37593
2.1169
0.110244
2.30446
7.60166
0.640136
3.033
2.02627
1.90841
0.229389
4.79556
0.603933
1.91336
0.174851
0.149273
7.52418
4.6833
0.425394
