74.713
1.82488
7.7215
6.3353
0.438997
1.25897
4.17245
2.15378
2.10433
1.6918
3.83223
0.79007
3.43378
3.88652
2.57733
6.80996
6.59182
4.46075
4.49159
4.02204
1.89493
1.0092
1.2676
1.01467
3.593
10.5303
0.184637
1.69663
3.83502
2.39133
1.0124
1.73051
0.697404
4.53123
1.82538
3.41202
1.14619
0.588867
0.195227
0.607802
4.32964
0.349057
2.38264
0.682467
1.03781
2.77215
6.95491
2.8189
4.84161
10.2057
3.95686
2.97714
2.1117
1.33526
0.81485
1.37825
3.43584
7.61465
1.44471
1.94329
0.298234
6.25317
6.26161
2.17131
2.17305
6.59977
1.85807
2.96125
3.22188
10.118
3.16533
5.64964
2.22193
1.34718
0.357016
2.17518
1.80019
2.60554
0.901173
1.05464
4.10249
5.75021
1.00828
2.13147
1.52316
4.56697
0.145261
3.55568
0.216017
0.42153
2.77193
2.12687
1.7243
4.59146
1.46493
1.39907
7.01166
3.41889
2.4295
3.16041
2.1068
5.011
1.02479
2.18063
0.932946
2.24698
1.89311
3.37261
1.04177
1.04669
3.68328
3.80544
2.73374
2.6933
1.61508
1.6859
0.457432
2.56835
1.72952
2.83483
5.46001
5.40918
1.74412
4.14185
3.17854
2.07497
0.329958
2.10551
1.23518
4.01099
0.686657
0.241561
3.83697
0.494387
1.08897
5.311
5.92074
3.92733
5.26638
2.81406
3.94001
2.95578
1.01248
0.279965
4.49369
0.451048
0.402863
2.54976
4.10251
0.368157
6.59532
0.87238
6.83906
1.0483
1.89545
1.2723
1.86316
2.06983
2.50377
1.8268
2.65829
3.68312
2.94626
0.263818
4.57003
2.00343
2.2918
5.16863
7.98097
1.69797
0.671848
1.69035
3.95772
1.08771
4.89901
1.53298
2.38884
1.86903
6.55578
1.96588
0.965216
3.33765
1.91679
0.93727
1.91896
3.45074
0.307239
1.85273
1.31972
6.28531
0.167371
11.246
3.46178
0.38144
1.49596
1.08858
2.0047
1.67979
5.20132
2.22152
2.74999
1.77866
7.0307
8.13618
0.29366
0.658802
3.04934
2.12961
1.13086
0.61598
8.98106
2.31526
0.905489
3.14526
4.86508
1.77988
5.5229
1.60086
2.65531
5.72742
1.57081
6.16528
4.53105
1.62316
1.20873
4.44986
1.69988
5.98152
2.87201
0.480359
0.0899423
0.593509
0.259356
7.89712
6.56798
0.609659
1.99534
0.243264
1.33505
0.509304
2.69695
9.91096
0.181152
6.74521
4.08579
2.70684
6.58331
1.3385
1.93155
