74.7718
0.241692
2.36477
10.7513
1.80714
1.00891
3.70292
2.15374
3.72826
1.40841
2.98265
3.03318
4.37375
3.54577
3.89712
6.31131
4.66874
2.17983
3.70423
4.57307
1.23429
2.95972
0.607006
1.96153
1.93515
14.0171
1.16957
1.15211
2.59394
1.37951
2.02081
1.96034
0.187871
6.67932
2.92424
4.81023
2.61754
0.610413
0.572914
0.189101
4.6987
0.824608
3.09712
1.52672
0.399055
1.40462
4.39488
1.30469
2.22411
5.87774
4.60985
2.3925
6.1066
0.498047
2.24965
0.442695
3.5417
11.0165
2.39391
0.959192
1.35094
8.9763
5.33683
1.41322
2.32029
7.9892
1.67389
3.39379
3.00169
10.4648
2.98921
6.83483
1.36748
1.25072
0.363246
2.22537
1.84795
3.123
1.02061
1.14479
3.84677
5.13163
1.543
3.11986
2.12587
4.15295
0.0363175
3.26197
0.475492
0.608614
2.55575
2.7877
0.578808
4.41229
3.1546
1.3248
8.15278
2.66802
3.75584
1.38737
3.10609
6.40408
1.90304
1.1781
2.55559
2.50194
1.4675
4.94304
2.09101
1.28477
3.51397
3.0961
1.82776
3.55683
0.652856
1.60041
0.949532
2.95562
1.7275
3.72379
4.71646
6.94302
0.679644
5.6416
2.63273
3.52674
0.170963
4.43539
0.713379
3.75712
2.74083
0.812092
5.48333
2.68818
0.281368
7.74695
5.09609
2.32644
6.58305
3.89964
5.18168
2.45412
1.04063
0.202562
3.48423
1.2059
0.0653181
2.20719
5.34362
0.386245
8.05092
1.01209
6.31935
1.75714
2.54174
1.32619
2.33824
3.29805
2.12975
3.98456
2.31664
6.99976
1.61719
0.560734
3.37856
2.45856
2.29474
5.71458
6.5889
2.50159
1.62226
1.4692
3.76021
1.90842
5.33457
2.40574
2.08863
1.48398
5.09581
1.49342
1.98451
4.36973
1.35467
0.363991
0.78201
4.49646
0.87192
1.37081
1.42617
8.19913
0.289431
10.5264
3.75737
1.83401
1.18796
0.514616
2.3677
2.38298
4.25054
2.27595
1.91414
1.12623
9.29962
8.15593
0.0338511
1.66281
1.83265
1.86861
0.787776
0.379794
9.43566
2.13601
0.692233
2.35177
4.69662
1.73839
4.84307
1.6402
3.84911
8.12698
1.5654
7.02448
4.45647
2.29104
2.16891
4.16308
1.36261
6.72259
3.79149
0.746257
0.495792
1.20374
0.921768
8.42449
6.88259
0.921761
4.45644
0.605734
3.30405
1.39294
2.61152
6.95722
0.341863
8.03242
3.80717
2.04496
3.85016
3.06094
2.35449
