0.221185
0.167725
0.254955
0.00966594
1.22298
2.04
0.395951
13.3934
2.22694
1.45343
4.24257
0.413731
3.9848
0.604877
0.854159
1.30042
1.02223
3.56944
1.84698
1.57478
1.22218
0.786854
0.66153
4.49371
3.69118
0.729546
1.29808
2.36703
2.48599
1.81381
0.250163
1.34311
0.965012
1.84332
0.665181
1.02332
0.177227
1.14258
2.80212
3.70561
1.04997
2.79492
7.35505
4.73067
2.18308
0.354771
0.0934274
0.643677
0.357001
3.39994
0.459755
1.21184
2.33516
0.54901
0.0154045
1.48507
1.94792
3.94735
0.26961
2.12198
0.0948236
0.729438
3.9703
0.929791
1.86458
0.122306
0.89751
2.82538
0.473719
0.676851
1.28724
2.08924
0.827396
0.70926
2.09202
0.271706
1.51753
0.294977
1.91066
0.461086
0.525885
3.50092
1.41758
1.17145
2.02692
2.78458
0.228773
4.61599
1.78864
1.29943
2.45539
0.491076
2.1973
0.1906
0.959235
1.83776
3.07951
1.69205
6.09691
0.241263
0.562544
2.53484
2.56317
1.62389
4.53751
0.0213751
2.2994
2.33591
2.74306
1.95226
0.828122
0.336586
6.31748
4.57881
2.57012
1.94928
0.574809
5.40153
1.01485
0.0617638
1.7603
1.36452
1.55485
0.134958
1.80493
1.02284
3.21104
4.38454
0.148419
0.0795253
1.61963
1.32295
2.62155
3.41008
3.02576
0.948801
1.15435
3.73655
0.755368
1.69132
0.160446
1.11013
1.45828
1.52778
6.18051
0.52582
1.21131
0.148355
1.96264
0.567138
8.27
0.373967
1.16711
2.99504
3.46221
4.22066
5.78782
3.1996
4.9423
3.6459
5.20963
0.0502931
0.0123922
3.45839
3.42196
1.18917
1.33749
1.5138
0.286826
0.54213
2.13831
0.124148
3.49739
1.79641
14.7568
0.996691
2.25372
3.36743
1.15995
0.858247
3.9574
1.34895
1.17001
2.9174
3.19845
6.99386
1.69149
0.620826
0.261005
1.08626
0.283799
1.93742
4.99721
1.79326
5.4894
1.43489
1.30709
0.271342
0.287494
2.48271
1.75665
3.42203
0.129544
0.129584
0.594944
0.213119
2.14449
0.0279865
3.81313
1.90327
0.508215
0.967668
1.20661
0.0343951
0.107763
4.44968
1.27856
0.348338
2.33881
0.388528
3.64199
3.73241
1.83793
0.71001
0.228935
5.79568
1.21427
5.38215
3.35434
4.58361
3.49803
0.0572369
0.23449
1.42571
1.37749
11.9
0.442571
5.80388
0.782281
2.98291
0.508725
3.55147
0.631814
2.58392
0.996437
1.35696
5.76768
4.65589
0.494927
