0.312243	0.58034	0	0	0.312243	0.58034	0.6	0.6	5.19994	0
0.735508	0.629638	7.19973	2.61438e-16	0.862916	0.534212	0.859997	0.600045	5.19975	0.00179686
1.1605	0.494954	7.14458	-0.913884	1.17385	0.481073	1.11998	0.600225	5.19943	0.00538996
1.25809	0.533058	7.13391	0.881313	0.969149	0.397513	1.37996	0.600629	5.19898	0.0107781
1.61575	0.595372	7.10763	1.15908	1.65063	0.62469	1.6399	0.601347	5.19839	0.0179597
1.85108	0.56172	6.01523	0.149274	1.62331	0.499091	1.89982	0.60247	5.19766	0.0269323
2.16319	0.59101	6.01188	0.237934	2.18882	0.648739	2.1597	0.604086	5.19678	0.0376932
2.37917	0.636679	5.61291	0.304163	1.96701	0.557117	2.41954	0.606284	5.19573	0.0502389
2.65698	0.653508	5.61306	0.239723	2.65526	0.66598	2.67932	0.609155	5.1945	0.0645654
2.92349	0.646831	5.55448	-0.0342376	2.92034	0.645898	2.93904	0.612786	5.19309	0.080668
3.15994	0.642005	5.50995	-0.10868	3.01222	0.637046	3.19869	0.617267	5.19147	0.0985415
3.44523	0.538011	5.46365	-0.92481	3.56096	0.485311	3.45825	0.622685	5.18963	0.11818
3.74825	0.426101	5.37717	-1.57458	3.89365	0.311793	3.71772	0.62913	5.18754	0.139576
4.02951	0.50953	5.50084	-0.830243	4.19786	0.698311	3.97708	0.636689	5.18519	0.162724
4.30374	0.501037	5.49057	-0.790903	4.30935	0.578564	4.23632	0.645449	5.18256	0.187614
4.56565	0.534165	5.4528	-0.58117	4.61908	0.68951	4.49542	0.655498	5.17962	0.214238
4.75852	0.637445	5.34277	-0.0484856	4.35143	0.899174	4.75437	0.666921	5.17634	0.242587
5.01242	0.633915	5.29775	-0.103499	5.20901	0.66599	5.01315	0.679804	5.1727	0.272649
5.31367	0.633588	5.33695	-0.119505	5.51894	0.648233	5.27175	0.694234	5.16867	0.304413
5.57104	0.641948	5.33369	-0.0833022	5.22834	0.639362	5.53013	0.710295	5.16422	0.337868
5.86398	0.660431	5.35884	-0.0269694	6.022	0.708619	5.78828	0.728072	5.15932	0.372999
6.10931	0.585524	5.31859	-0.311748	5.89392	0.373584	6.04618	0.747647	5.15393	0.409793
6.36748	0.69967	5.30264	0.0817997	6.34249	0.948833	6.30379	0.769103	5.14803	0.448233
6.62079	0.729317	5.27694	0.149989	6.62134	0.836138	6.5611	0.792523	5.14157	0.488305
6.86993	0.729948	5.26416	0.128511	6.78214	0.714036	6.81808	0.817988	5.13452	0.52999
7.11928	0.71175	5.2346	0.0447464	7.29121	0.630741	7.07469	0.845578	5.12685	0.573269
7.34495	0.796336	5.18962	0.266118	7.13735	0.957217	7.3309	0.875373	5.11851	0.618123
7.63007	0.807889	5.22185	0.268983	8.08349	0.819605	7.58668	0.907449	5.10946	0.664531
7.88043	0.789452	5.21658	0.192761	7.80533	0.719126	7.84199	0.941886	5.09966	0.712469
8.13578	0.805725	5.19927	0.2052	8.40453	0.884557	8.0968	0.978759	5.08907	0.761915
8.37583	0.825291	5.18074	0.230482	8.24796	0.840322	8.35106	1.01814	5.07766	0.812843
8.63762	0.907894	5.18238	0.403901	8.45858	1.41118	8.60472	1.06011	5.06537	0.865226
8.8757	0.96713	5.15583	0.504938	8.74615	1.04858	8.85775	1.10473	5.05216	0.919037
9.159	1.00319	5.17527	0.543951	9.8809	1.1419	9.1101	1.15208	5.03798	0.974245
9.39687	1.03859	5.15429	0.579507	9.25579	1.04913	9.36172	1.20223	5.0228	1.03082
9.67035	1.10481	5.15986	0.675802	10.1016	1.52474	9.61255	1.25524	5.00656	1.08873
9.93799	1.22755	5.14108	0.880817	10.0484	1.44598	9.86254	1.31118	4.98922	1.14794
10.1936	1.3077	5.11516	0.983958	10.5377	1.72555	10.1117	1.37011	4.97074	1.20841
10.4227	1.39081	5.07573	1.08471	10.2492	1.45907	10.3598	1.4321	4.95106	1.2701
10.667	1.4676	5.03993	1.16658	10.9084	1.70343	10.6069	1.49721	4.93014	1.33298
10.8977	1.51012	5.0195	1.17572	10.7313	1.45265	10.853	1.56549	4.90794	1.39701
11.1594	1.55955	5.02314	1.19384	11.4783	1.42876	11.0979	1.637	4.8844	1.46213
11.4314	1.61417	5.03324	1.21804	11.587	1.61462	11.3416	1.71179	4.85948	1.52832
11.6703	1.67118	5.01031	1.24836	11.4763	1.53917	11.584	1.78992	4.83313	1.59551
11.9034	1.74145	4.98512	1.29937	11.7788	1.74591	11.8251	1.87144	4.80531	1.66366
12.1543	1.82369	4.9747	1.3647	12.136	2.14937	12.0647	1.95639	4.77598	1.73273
12.3964	1.8657	4.96821	1.35562	12.3226	1.78353	12.3029	2.04482	4.74508	1.80265
12.6469	1.92576	4.96722	1.37501	12.5457	1.77728	12.5394	2.13677	4.71257	1.87338
12.854	2.05274	4.90486	1.51627	12.5924	2.17509	12.7743	2.23227	4.67842	1.94485
13.1094	2.14833	4.90164	1.58423	13.2198	2.6644	13.0075	2.33137	4.64258	2.01701
13.317	2.28463	4.83616	1.72642	13.0875	2.40708	13.2388	2.43409	4.605	2.08981
13.5189	2.41405	4.75779	1.85352	12.7087	3.12439	13.4682	2.54047	4.56565	2.16317
13.7611	2.53551	4.73003	1.94753	13.836	2.62479	13.6955	2.65053	4.52448	2.23703
13.9872	2.64148	4.69296	2.01413	13.8302	2.73893	13.9208	2.7643	4.48147	2.31134
14.212	2.7951	4.63748	2.15154	14.2106	2.94205	14.1439	2.88179	4.43656	2.38601
14.4535	2.8976	4.63131	2.18883	14.5568	2.87021	14.3646	3.00303	4.38974	2.46099
14.6623	2.99225	4.59513	2.2202	14.4616	2.90734	14.583	3.12802	4.34097	2.5362
14.8892	3.12892	4.56121	2.30841	14.6754	3.96041	14.7989	3.25679	4.29021	2.61157
15.0933	3.31575	4.47551	2.47814	15.0261	3.5067	15.0122	3.38932	4.23744	2.68703
15.3105	3.46558	4.41799	2.57901	15.3685	4.14761	15.2228	3.52563	4.18263	2.76249
15.5177	3.65438	4.33664	2.73096	15.5236	3.82936	15.4306	3.66572	4.12575	2.83789
15.7327	3.78304	4.30133	2.7787	15.7234	3.4105	15.6355	3.80957	4.06678	2.91315
15.9463	3.9407	4.25086	2.8651	15.9774	4.00094	15.8375	3.95719	4.00571	2.98817
16.1511	4.09655	4.18333	2.95243	16.3376	4.21632	16.0363	4.10854	3.94251	3.0629
16.344	4.29518	4.09228	3.09097	16.3313	4.44499	16.2319	4.26363	3.87716	3.13723
16.5536	4.45067	4.05084	3.15126	16.7586	4.48231	16.4242	4.42242	3.80966	3.21109
16.7311	4.63391	3.96104	3.25515	16.6039	4.67344	16.613	4.5849	3.74	3.28438
16.9019	4.82405	3.83477	3.3798	16.9236	5.10119	16.7983	4.75103	3.66817	3.35704
17.0652	5.05046	3.70802	3.52878	16.9955	5.21099	16.9799	4.92077	3.59416	3.42897
17.2411	5.22473	3.62518	3.59991	17.3421	4.64623	17.1579	5.09409	3.51797	3.50008
17.4004	5.42142	3.52496	3.69137	17.2894	5.43542	17.3319	5.27094	3.4396	3.57028
17.5627	5.6018	3.42849	3.76247	17.6463	4.74597	17.5019	5.45128	3.35907	3.63949
17.7511	5.75199	3.40546	3.77211	17.7853	5.62476	17.6679	5.63506	3.27637	3.70762
17.8994	5.95772	3.27701	3.87255	17.9216	6.07151	17.8297	5.82221	3.19151	3.77458
18.0697	6.1519	3.21236	3.9315	18.1263	6.16985	17.9872	6.01269	3.10453	3.84027
18.2179	6.36238	3.10545	4.01528	18.1245	6.79027	18.1402	6.20641	3.01542	3.90462
18.341	6.59478	2.96741	4.11929	18.2164	6.66138	18.2888	6.40332	2.92421	3.96753
18.4731	6.81292	2.84359	4.20131	18.4022	7.02231	18.4328	6.60333	2.83093	4.0289
18.6202	6.97786	2.79557	4.20668	18.5422	6.76013	18.572	6.80638	2.7356	4.08867
18.7623	7.1885	2.71905	4.25901	18.8089	7.24388	18.7064	7.01237	2.63825	4.14672
18.9505	7.34452	2.74034	4.23468	19.1441	7.18344	18.8359	7.22122	2.53893	4.20299
19.042	7.57004	2.56446	4.32421	18.5479	7.4012	18.9604	7.43283	2.43767	4.25737
19.1374	7.81275	2.41911	4.4095	19.0138	7.8688	19.0798	7.64712	2.3345	4.3098
19.2523	8.03163	2.3186	4.4589	19.3089	7.67375	19.1939	7.86397	2.22949	4.36017
19.3355	8.24878	2.18633	4.50706	19.132	8.12845	19.3028	8.08329	2.12266	4.40842
19.4286	8.47216	2.07508	4.55186	19.0239	8.17194	19.4062	8.30497	2.01409	4.45445
19.5244	8.64567	1.99984	4.54501	19.347	8.30741	19.5042	8.5289	1.90381	4.49819
19.6087	8.87282	1.86984	4.5924	19.6843	8.35902	19.5966	8.75494	1.7919	4.53956
19.765	9.04936	1.89116	4.56981	20.0039	8.8906	19.6835	8.983	1.67841	4.57848
19.8325	9.28724	1.73535	4.62601	19.6061	9.48659	19.7645	9.21294	1.56341	4.61488
19.9621	9.49522	1.71376	4.6322	20.1574	9.45949	19.8398	9.44463	1.44697	4.64869
20.0043	9.73656	1.52042	4.68898	19.6163	9.76606	19.9093	9.67795	1.32916	4.67984
20.0954	9.95729	1.45026	4.70623	20.1573	9.90876	19.9728	9.91275	1.21005	4.70826
20.1485	10.2066	1.32056	4.74928	19.1911	11.5493	20.0303	10.1489	1.08972	4.73389
20.2024	10.4509	1.19988	4.78306	20.166	10.4687	20.0818	10.3863	0.968259	4.75666
20.218	10.697	0.999615	4.82085	19.6775	10.803	20.1271	10.6247	0.845742	4.77652
20.2803	10.9435	0.909052	4.84585	20.371	11.0109	20.1663	10.864	0.722256	4.7934
20.3057	11.1966	0.766159	4.87419	19.4335	12.3402	20.1993	11.1041	0.597892	4.80727
20.3412	11.4288	0.657618	4.88151	20.3164	11.3483	20.2261	11.3449	0.472738	4.81807
20.2942	11.6837	0.363838	4.9031	19.2063	12.2418	20.2466	11.5861	0.346889	4.82575
20.3642	11.9169	0.328278	4.90572	20.6141	11.9422	20.2608	11.8275	0.220439	4.83027
20.3793	12.1569	0.236507	4.90819	19.966	11.9688	20.2687	12.0692	0.093487	4.83159
20.3729	12.4175	0.0903911	4.92217	20.3263	12.4966	20.2701	12.3108	-0.0338694	4.82968
20.326	12.6627	-0.149222	4.91383	20.0192	12.4823	20.2652	12.5522	-0.161529	4.82451
20.3494	12.8993	-0.221183	4.9076	20.498	12.8924	20.254	12.7933	-0.28939	4.81605
20.3308	13.1387	-0.367121	4.89414	20.9151	12.2555	20.2363	13.0339	-0.417348	4.80428
20.2954	13.3597	-0.509383	4.86338	20.1943	13.1688	20.2122	13.2738	-0.545298	4.78918
20.2505	13.5991	-0.661401	4.84206	19.858	13.5236	20.1818	13.5129	-0.673135	4.77072
20.233	13.8436	-0.760174	4.82994	20.3245	13.8896	20.1449	13.7509	-0.800753	4.74892
20.1729	14.0782	-0.933889	4.79492	20.3387	13.5307	20.1017	13.9878	-0.928043	4.72374
20.1222	14.3196	-1.06263	4.76992	20.1216	14.337	20.0521	14.2233	-1.0549	4.69521
20.0463	14.5518	-1.2239	4.72796	19.6717	14.4038	19.9962	14.4573	-1.18121	4.66331
19.946	14.7897	-1.40435	4.68182	19.781	14.773	19.934	14.6897	-1.30687	4.62805
19.8719	15.0137	-1.52161	4.63783	20.1149	14.0165	19.8655	14.9202	-1.43177	4.58944
19.834	15.236	-1.58741	4.60462	20.0208	15.2053	19.7908	15.1486	-1.55581	4.54751
19.7045	15.4537	-1.85172	4.50497	20.0157	15.3443	19.7099	15.3749	-1.67887	4.50226
19.6639	15.659	-1.90339	4.46009	19.9131	15.554	19.6229	15.5989	-1.80085	4.45372
19.5602	15.8727	-2.04095	4.39382	19.9388	15.0864	19.5298	15.8203	-1.92164	4.40193
19.4592	16.0809	-2.16031	4.32766	19.4748	16.0098	19.4307	16.039	-2.04114	4.3469
19.3486	16.293	-2.26666	4.26958	19.1556	16.0022	19.3257	16.2549	-2.15925	4.28868
19.2345	16.4768	-2.385	4.18139	19.238	16.2719	19.2148	16.4679	-2.27586	4.22731
19.1088	16.6796	-2.51464	4.1026	19.4007	16.2962	19.0981	16.6777	-2.39087	4.16284
18.9841	16.8774	-2.62649	4.02624	19.0029	16.8387	18.9757	16.8841	-2.50418	4.0953
18.8279	17.0714	-2.81687	3.90321	18.8373	17.7112	18.8477	17.0872	-2.61571	4.02476
18.6727	17.2788	-2.94584	3.82351	18.6148	17.3832	18.7142	17.2866	-2.72534	3.95127
18.5572	17.4826	-2.96588	3.80065	18.8177	17.0316	18.5752	17.4822	-2.83299	3.87489
18.3566	17.655	-3.1345	3.67142	18.1023	17.5529	18.4309	17.674	-2.93858	3.79568
18.215	17.8444	-3.18597	3.62112	18.2749	17.4877	18.2814	17.8617	-3.042	3.71372
18.0782	18.0268	-3.25634	3.54855	18.2094	18.0461	18.1268	18.0453	-3.14318	3.62906
17.9012	18.1877	-3.38143	3.42535	18.3021	17.498	17.9671	18.2246	-3.24204	3.5418
17.7557	18.34	-3.44985	3.3265	17.9018	18.2183	17.8026	18.3994	-3.3385	3.45199
17.6148	18.524	-3.48793	3.28113	18.8558	18.1364	17.6334	18.5697	-3.43247	3.35973
17.4301	18.6876	-3.58501	3.18189	17.3845	18.7039	17.4595	18.7353	-3.5239	3.26509
17.2459	18.8347	-3.6778	3.06799	17.7945	18.0801	17.281	18.8962	-3.61271	3.16817
17.0766	18.9733	-3.7452	2.96153	17.1762	18.8863	17.0983	19.0521	-3.69883	3.06904
16.9079	19.1416	-3.78957	2.90675	16.9398	19.7311	16.9113	19.203	-3.78221	2.9678
16.6933	19.2517	-3.89426	2.75356	16.5734	19.052	16.7201	19.3488	-3.86278	2.86455
16.5056	19.4024	-3.95676	2.66992	16.1674	20.2201	16.5251	19.4894	-3.9405	2.75938
16.2964	19.5439	-4.03597	2.56884	16.2338	19.6171	16.3262	19.6246	-4.01531	2.65237
16.0713	19.6347	-4.1356	2.39501	16.4366	18.2742	16.1237	19.7545	-4.08716	2.54364
15.8727	19.7687	-4.18993	2.30533	15.9243	19.8703	15.9176	19.8789	-4.15602	2.43329
15.6776	19.8936	-4.21379	2.24577	16.2328	19.2166	15.7082	19.9978	-4.22185	2.32141
15.4626	20.0284	-4.27224	2.16313	15.4332	20.1836	15.4956	20.111	-4.28461	2.2081
15.2593	20.1627	-4.30497	2.10759	14.3677	21.3406	15.2799	20.2185	-4.34427	2.09347
15.066	20.2916	-4.334	2.04234	15.2016	20.4385	15.0613	20.3203	-4.4008	1.97763
14.8391	20.3763	-4.3939	1.90831	14.7476	19.9571	14.84	20.4162	-4.4542	1.86068
14.6258	20.4898	-4.43272	1.82717	14.6665	20.6088	14.6161	20.5063	-4.50443	1.74272
14.3972	20.5756	-4.48746	1.69942	13.841	21.0031	14.3897	20.5904	-4.55149	1.62386
14.1554	20.6473	-4.54341	1.56326	14.0521	20.5924	14.1611	20.6686	-4.59537	1.50421
13.9242	20.7181	-4.58947	1.42858	13.8232	20.859	13.9304	20.7408	-4.63606	1.38386
13.6638	20.7762	-4.64925	1.28139	13.4686	20.7253	13.6977	20.807	-4.67357	1.26294
13.4209	20.8099	-4.70076	1.08455	13.8263	20.4261	13.4632	20.8671	-4.70789	1.14153
13.1749	20.8559	-4.73615	0.944869	13.1072	20.8294	13.2271	20.9211	-4.73904	1.01975
12.9448	20.9116	-4.75628	0.832596	13.2669	21.1579	12.9895	20.969	-4.76702	0.897694
12.7281	20.9671	-4.76225	0.736416	12.8729	21.0592	12.7506	21.0108	-4.79186	0.775469
12.4837	21.0032	-4.78746	0.600854	11.5171	21.6724	12.5106	21.0465	-4.81358	0.653175
12.2391	21.0426	-4.80707	0.487616	12.2062	21.11	12.2695	21.0761	-4.83219	0.530912
12.0012	21.0623	-4.81939	0.343781	12.3859	21.1066	12.0276	21.0996	-4.84773	0.408778
11.7509	21.0429	-4.82804	0.161437	11.6814	20.8651	11.785	21.117	-4.86022	0.286869
11.5044	21.0295	-4.83211	-0.00859235	11.5265	20.6748	11.5418	21.1283	-4.86971	0.165281
11.2752	21.032	-4.82261	-0.130814	11.363	21.0688	11.2982	21.1335	-4.87623	0.0441057
11.0235	20.9934	-4.8185	-0.319572	10.5558	20.5567	11.0544	21.1327	-4.87982	-0.076565
10.7968	20.9653	-4.7951	-0.465495	10.8903	20.927	10.8105	21.1259	-4.88053	-0.196643
10.5514	20.958	-4.78809	-0.547622	9.30535	21.3896	10.5666	21.1131	-4.8784	-0.31604
10.2933	20.9751	-4.79935	-0.613665	10.189	21.209	10.3229	21.0943	-4.87349	-0.434674
10.0557	20.9546	-4.78373	-0.720751	9.97958	21.2932	10.0795	21.0697	-4.86585	-0.552463
9.83867	20.923	-4.74951	-0.834236	9.99634	20.9797	9.83658	21.0391	-4.85554	-0.669327
9.60236	20.9094	-4.73538	-0.87843	9.38223	21.111	9.59422	21.0028	-4.84262	-0.785189
9.38797	20.8614	-4.69481	-0.999097	9.53921	20.8762	9.35258	20.9607	-4.82714	-0.899977
9.15916	20.8224	-4.66876	-1.09544	9.63392	20.9724	9.11177	20.9128	-4.80919	-1.01362
8.89658	20.7792	-4.66715	-1.19539	8.70331	20.8221	8.87192	20.8594	-4.78881	-1.12605
8.67247	20.7045	-4.62437	-1.32967	9.84634	20.009	8.63315	20.8003	-4.76608	-1.2372
8.41751	20.6156	-4.59976	-1.47678	8.22277	20.4839	8.39557	20.7358	-4.74108	-1.34701
8.18957	20.5365	-4.5583	-1.60004	8.29647	20.4978	8.1593	20.6657	-4.71387	-1.45542
7.95275	20.4553	-4.52431	-1.71458	7.88599	20.45	7.92445	20.5903	-4.68453	-1.56237
7.73434	20.3715	-4.47327	-1.83867	8.29081	20.6565	7.69111	20.5096	-4.65313	-1.66781
7.46361	20.3062	-4.47805	-1.91067	7.18029	20.392	7.45939	20.4237	-4.61975	-1.7717
7.23909	20.2071	-4.43056	-2.01928	7.09214	20.1196	7.22939	20.3326	-4.58448	-1.87399
6.98807	20.124	-4.41484	-2.09908	6.81542	20.1859	7.00119	20.2364	-4.54738	-1.97462
6.76843	20.0288	-4.3704	-2.18156	6.89359	20.1536	6.7749	20.1352	-4.50854	-2.07357
6.52492	19.9389	-4.35026	-2.2544	6.38914	20.0137	6.55059	20.0292	-4.46805	-2.17079
6.31095	19.8428	-4.30402	-2.32907	6.67637	20.2142	6.32834	19.9183	-4.42598	-2.26625
6.05903	19.7505	-4.29599	-2.38845	5.86119	19.8306	6.10823	19.8027	-4.38241	-2.35993
5.84481	19.6073	-4.2227	-2.53505	5.28178	19.5036	5.89034	19.6824	-4.33744	-2.45178
5.63942	19.4914	-4.1651	-2.61696	5.69089	19.5755	5.67472	19.5577	-4.29114	-2.5418
5.4406	19.3429	-4.08403	-2.74134	5.9506	18.9859	5.46145	19.4284	-4.24359	-2.62995
5.21758	19.244	-4.06085	-2.78091	5.17021	19.4397	5.25059	19.2948	-4.19488	-2.71622
5.01915	19.1273	-4.01328	-2.8255	5.87397	19.301	5.04219	19.157	-4.1451	-2.80059
4.83131	18.9803	-3.93496	-2.9227	4.89149	18.982	4.8363	19.015	-4.09432	-2.88305
4.63081	18.8316	-3.86853	-3.0203	3.98679	19.0452	4.63297	18.8689	-4.04263	-2.96359
4.43659	18.7012	-3.81463	-3.0788	4.4685	18.834	4.43224	18.7188	-3.99012	-3.0422
4.24776	18.5562	-3.75802	-3.1344	4.69245	18.4634	4.23416	18.5648	-3.93685	-3.11888
4.09038	18.4005	-3.65902	-3.21943	4.26269	18.481	4.03876	18.4071	-3.88293	-3.19362
3.91095	18.234	-3.56526	-3.3374	3.42434	18.8357	3.84606	18.2457	-3.82841	-3.26644
3.68368	18.094	-3.56099	-3.373	3.45919	18.167	3.65611	18.0807	-3.77339	-3.33732
3.51099	17.9382	-3.49936	-3.4179	4.3011	17.9267	3.46891	17.9122	-3.71795	-3.40627
3.30234	17.7738	-3.46887	-3.47533	3.12525	17.7493	3.28449	17.7402	-3.66215	-3.47331
3.12986	17.5944	-3.38123	-3.57167	2.65664	17.888	3.10287	17.565	-3.60609	-3.53844
2.93941	17.4733	-3.36668	-3.56922	2.9449	17.8154	2.92405	17.3866	-3.54982	-3.60167
2.79493	17.2647	-3.2308	-3.7031	3.26647	17.0897	2.74805	17.2051	-3.49344	-3.66302
2.6205	17.0831	-3.16948	-3.76412	2.55407	17.0853	2.57486	17.0205	-3.437	-3.72251
2.45538	16.9096	-3.12087	-3.79195	2.55039	16.8884	2.4045	16.833	-3.38059	-3.78014
2.28678	16.737	-3.06944	-3.83288	2.25371	16.8334	2.23695	16.6427	-3.32428	-3.83595
2.12232	16.54	-3.0126	-3.88298	1.57735	16.0489	2.07221	16.4497	-3.26812	-3.88995
1.97003	16.3158	-2.91918	-3.97414	1.88972	16.1054	1.91027	16.254	-3.21219	-3.94216
1.81431	16.1337	-2.87385	-3.99678	1.74362	16.2687	1.75112	16.0557	-3.15656	-3.99261
1.62153	15.9645	-2.87951	-4.00547	1.44745	16.0853	1.59474	15.8549	-3.10129	-4.04132
1.49548	15.7413	-2.75488	-4.10345	1.6097	15.5526	1.44111	15.6517	-3.04644	-4.08832
1.33053	15.5294	-2.70866	-4.15552	1.18395	15.4284	1.29021	15.4463	-2.99207	-4.13364
1.1829	15.3337	-2.65836	-4.18534	0.828993	15.528	1.14201	15.2386	-2.93825	-4.1773
0.991641	15.1243	-2.6612	-4.21812	0.722706	15.0075	0.996486	15.0288	-2.88503	-4.21933
0.849539	14.9349	-2.62465	-4.225	1.03147	15.2134	0.853604	14.8169	-2.83246	-4.25977
0.724571	14.7195	-2.54127	-4.27535	0.737301	14.7047	0.71333	14.603	-2.78061	-4.29864
0.61516	14.4853	-2.42054	-4.3548	0.722177	14.2445	0.575628	14.3872	-2.72952	-4.33598
0.449015	14.2697	-2.40903	-4.38373	0.253435	14.2029	0.440459	14.1696	-2.67925	-4.37181
0.339455	14.0295	-2.28464	-4.4695	-0.0328023	13.9604	0.307779	13.9502	-2.62984	-4.40617
0.281193	13.7801	-2.10737	-4.54628	0.459172	13.6856	0.177545	13.7292	-2.58135	-4.43909
0.184202	13.5431	-1.9902	-4.60915	0.0524412	13.6377	0.0497099	13.5065	-2.53381	-4.47061
0.0288585	13.3204	-1.99065	-4.62941	-0.190344	13.2856	-0.0757753	13.2823	-2.48728	-4.50075
-0.0822702	13.0975	-1.93516	-4.64882	-0.275043	13.1456	-0.198962	13.0566	-2.44179	-4.52955
-0.130948	12.8631	-1.77631	-4.69349	0.0462308	12.9301	-0.319903	12.8295	-2.39739	-4.55704
-0.243156	12.6339	-1.74118	-4.70578	-0.684792	12.3563	-0.438654	12.6011	-2.35412	-4.58326
-0.359487	12.3996	-1.70342	-4.7307	-0.476482	12.3633	-0.555273	12.3714	-2.31202	-4.60823
-0.476137	12.1849	-1.69041	-4.72769	-0.972122	12.5207	-0.669818	12.1404	-2.27111	-4.63198
-0.567176	11.9591	-1.62676	-4.74534	-0.582624	12.0386	-0.78235	11.9083	-2.23144	-4.65456
-0.681122	11.7305	-1.61235	-4.75211	-1.26757	11.6495	-0.892931	11.6751	-2.19304	-4.67598
-0.849405	11.4956	-1.67995	-4.7572	-1.17212	11.3988	-1.00163	11.4409	-2.15594	-4.69628
-0.947128	11.2635	-1.65671	-4.75625	-0.891441	10.959	-1.1085	11.2057	-2.12017	-4.71549
-1.11057	11.0385	-1.72648	-4.7492	-1.39289	11.0424	-1.21362	10.9695	-2.08575	-4.73364
-1.19254	10.7982	-1.64917	-4.78116	-1.29894	10.9012	-1.31706	10.7324	-2.05273	-4.75075
-1.319	10.5499	-1.65575	-4.79991	-1.49687	10.4198	-1.41889	10.4945	-2.02111	-4.76686
-1.40016	10.2971	-1.58057	-4.83755	-1.59293	10.0212	-1.51917	10.2559	-1.99093	-4.78198
-1.51337	10.0785	-1.58437	-4.83036	-1.61875	10.2374	-1.61797	10.0165	-1.96221	-4.79615
-1.60117	9.84577	-1.55266	-4.83382	-1.59702	9.96554	-1.71539	9.77637	-1.93498	-4.80939
-1.69219	9.61703	-1.523	-4.83813	-1.73381	9.71347	-1.81147	9.53564	-1.90924	-4.82172
-1.79188	9.37431	-1.49929	-4.85599	-2.27191	9.37316	-1.90631	9.29431	-1.88502	-4.83316
-1.87298	9.09381	-1.44285	-4.9023	-1.93833	8.77028	-1.99998	9.05243	-1.86233	-4.84374
-1.96031	8.8643	-1.43257	-4.89373	-1.96565	9.13274	-2.09256	8.81003	-1.8412	-4.85347
-2.0596	8.61386	-1.42468	-4.90831	-2.1768	8.5411	-2.18412	8.56717	-1.82164	-4.86238
-2.17367	8.36897	-1.45084	-4.91099	-2.65862	8.19477	-2.27474	8.32388	-1.80365	-4.87047
-2.24015	8.12595	-1.39491	-4.92381	-2.21875	8.15339	-2.3645	8.0802	-1.78726	-4.87778
-2.31527	7.90216	-1.37286	-4.91252	-2.273	8.52315	-2.45348	7.83617	-1.77248	-4.8843
-2.42449	7.65415	-1.39412	-4.91968	-2.59674	7.60288	-2.54177	7.59184	-1.75931	-4.89006
-2.5726	7.42309	-1.51745	-4.88512	-3.08256	7.38874	-2.62944	7.34723	-1.74777	-4.89507
-2.67495	7.16876	-1.52508	-4.89774	-2.79865	7.064	-2.71658	7.10238	-1.73786	-4.89933
-2.74985	6.93146	-1.49093	-4.9028	-2.79412	7.20818	-2.80326	6.85734	-1.72958	-4.90286
-2.81197	6.7046	-1.44307	-4.90023	-2.74651	6.86867	-2.88957	6.61214	-1.72295	-4.90566
-2.89055	6.47002	-1.45819	-4.88244	-2.57673	6.36755	-2.97559	6.36681	-1.71797	-4.90774
-2.95203	6.22537	-1.41103	-4.89355	-2.90217	6.22989	-3.0614	6.12139	-1.71464	-4.90911
-3.06663	5.98485	-1.46049	-4.88735	-3.50172	6.10796	-3.14709	5.87592	-1.71297	-4.90976
-3.14263	5.71845	-1.43454	-4.91246	-3.1778	5.53101	-3.23274	5.63043	-1.71295	-4.9097
-3.25123	5.47295	-1.50388	-4.89626	-3.19736	5.19093	-3.31843	5.38496	-1.71458	-4.90893
-3.34102	5.21636	-1.50463	-4.90931	-3.43031	5.10507	-3.40424	5.13955	-1.71787	-4.90745
-3.41844	4.96998	-1.48969	-4.91516	-3.4281	4.94644	-3.49026	4.89422	-1.72281	-4.90525
-3.52039	4.70553	-1.51007	-4.93147	-3.69435	4.52196	-3.57657	4.64902	-1.72939	-4.90233
-3.63049	4.45596	-1.58647	-4.91543	-3.50501	4.17643	-3.66325	4.40398	-1.73763	-4.89868
-3.74969	4.19767	-1.63451	-4.92176	-4.00238	4.04684	-3.75039	4.15913	-1.74749	-4.8943
-3.84249	3.95518	-1.64134	-4.92038	-4.06447	4.10977	-3.83806	3.91452	-1.75899	-4.88918
-3.91899	3.71289	-1.62447	-4.9214	-3.88053	3.75177	-3.92635	3.67019	-1.77212	-4.8833
-4.03138	3.49177	-1.70354	-4.88243	-4.23729	3.88878	-4.01533	3.42616	-1.78686	-4.87666
-4.12051	3.24548	-1.70522	-4.88494	-4.15119	3.21968	-4.10509	3.18248	-1.8032	-4.86925
-4.23734	2.99585	-1.78095	-4.87101	-4.27467	2.88187	-4.19571	2.93919	-1.82113	-4.86104
-4.32092	2.73073	-1.76882	-4.89096	-4.32451	2.55034	-4.28727	2.69633	-1.84065	-4.85202
-4.41446	2.4807	-1.78209	-4.8922	-4.38481	2.39989	-4.37985	2.45393	-1.86173	-4.84218
-4.51368	2.22402	-1.79455	-4.90102	-4.61223	2.09192	-4.47352	2.21205	-1.88436	-4.83149
-4.62651	1.98439	-1.88559	-4.87002	-4.29257	1.92854	-4.56836	1.97072	-1.90853	-4.81994
-4.73385	1.72403	-1.90694	-4.88037	-4.86829	1.53442	-4.66444	1.72998	-1.93422	-4.80751
-4.85855	1.47691	-1.99382	-4.8594	-4.98165	1.43611	-4.76186	1.48989	-1.9614	-4.79417
-4.92148	1.22967	-1.95371	-4.86609	-4.66779	1.28643	-4.86066	1.25049	-1.99007	-4.7799
-5.02437	0.998296	-1.98277	-4.84646	-4.98594	1.10894	-4.96095	1.01182	-2.02019	-4.76468
-5.08965	0.753708	-1.94721	-4.85056	-4.85498	0.825661	-5.06277	0.77393	-2.05174	-4.74848
-5.17983	0.478429	-1.95809	-4.8729	-4.84736	0.18101	-5.16621	0.536876	-2.08471	-4.73127
-5.25721	0.23154	-1.93939	-4.87579	-5.1231	0.257311	-5.27133	0.300706	-2.11906	-4.71303
-5.37037	-0.00503349	-1.95902	-4.86646	-5.99809	-0.290765	-5.3782	0.0654719	-2.15477	-4.69374
-5.44563	-0.251149	-1.9359	-4.87003	-5.29972	-0.212982	-5.4869	-0.168772	-2.1918	-4.67335
-5.56732	-0.46098	-2.00364	-4.82356	-5.64447	-0.144522	-5.59748	-0.401971	-2.23014	-4.65185
-5.70539	-0.6665	-2.08294	-4.77271	-5.85359	-0.445801	-5.71001	-0.634069	-2.26974	-4.62919
-5.81617	-0.89876	-2.1461	-4.74608	-5.30947	-0.724468	-5.82456	-0.865006	-2.31058	-4.60536
-5.91172	-1.15215	-2.14112	-4.75811	-5.87835	-1.26863	-5.94118	-1.09472	-2.35262	-4.58032
-6.00056	-1.40841	-2.13083	-4.773	-5.68069	-1.52871	-6.05993	-1.32316	-2.39581	-4.55404
-6.1383	-1.62485	-2.2008	-4.73333	-6.27263	-1.50938	-6.18087	-1.55025	-2.44014	-4.52648
-6.27303	-1.85739	-2.30295	-4.69807	-6.11355	-1.75966	-6.30406	-1.77593	-2.48555	-4.49762
-6.3793	-2.09901	-2.31121	-4.69671	-6.34007	-2.13685	-6.42954	-2.00014	-2.532	-4.46742
-6.52836	-2.31314	-2.39497	-4.64993	-6.99344	-2.17445	-6.55738	-2.22281	-2.57946	-4.43585
-6.67587	-2.52739	-2.46796	-4.60631	-6.79288	-2.4458	-6.68761	-2.44386	-2.62788	-4.40288
-6.82723	-2.74527	-2.55227	-4.56301	-7.14408	-2.67584	-6.82029	-2.66323	-2.6772	-4.36847
-6.92472	-2.99543	-2.52996	-4.58292	-6.8003	-3.10086	-6.95546	-2.88084	-2.7274	-4.3326
-7.05465	-3.22193	-2.56086	-4.56417	-7.13937	-3.22028	-7.09316	-3.09663	-2.7784	-4.29523
-7.18208	-3.42942	-2.59813	-4.5253	-7.12118	-3.26434	-7.23344	-3.3105	-2.83017	-4.25632
-7.32632	-3.66608	-2.6435	-4.51444	-7.77186	-4.08999	-7.37632	-3.5224	-2.88265	-4.21586
-7.48469	-3.83766	-2.73528	-4.42414	-7.49009	-3.49081	-7.52184	-3.73223	-2.93579	-4.1738
-7.62613	-4.05205	-2.78342	-4.39267	-7.52393	-3.88213	-7.67004	-3.93992	-2.98953	-4.13012
-7.78395	-4.26851	-2.84297	-4.35986	-7.88049	-4.29783	-7.82094	-4.14538	-3.04381	-4.08479
-7.93306	-4.48678	-2.88612	-4.33512	-8.08524	-4.57834	-7.97457	-4.34854	-3.09857	-4.03778
-8.09782	-4.70787	-2.94529	-4.30816	-8.22492	-4.79812	-8.13095	-4.5493	-3.15376	-3.98906
-8.24193	-4.91981	-2.95714	-4.28782	-8.453	-4.95621	-8.2901	-4.74759	-3.2093	-3.93862
-8.38268	-5.1328	-2.98027	-4.26754	-8.33552	-5.1059	-8.45204	-4.94331	-3.26514	-3.88641
-8.53174	-5.32259	-3.00656	-4.22212	-8.55062	-4.79248	-8.61678	-5.13637	-3.32121	-3.83242
-8.72432	-5.51609	-3.10323	-4.15773	-8.91477	-5.51752	-8.78433	-5.32669	-3.37745	-3.77663
-8.8829	-5.71927	-3.1362	-4.12733	-9.04115	-5.69364	-8.95469	-5.51417	-3.43377	-3.71901
-9.04735	-5.90636	-3.18828	-4.07546	-9.03391	-5.80267	-9.12788	-5.69872	-3.49012	-3.65955
-9.19073	-6.08781	-3.19442	-4.03509	-8.86897	-5.41973	-9.30388	-5.88026	-3.54643	-3.59823
-9.37534	-6.21752	-3.29184	-3.91001	-9.30811	-5.82368	-9.4827	-6.05868	-3.60261	-3.53503
-9.54695	-6.40785	-3.33159	-3.87167	-9.80646	-6.41174	-9.66432	-6.23389	-3.6586	-3.46994
-9.70149	-6.60008	-3.35135	-3.84692	-9.62547	-6.55958	-9.84874	-6.4058	-3.71431	-3.40295
-9.9099	-6.76867	-3.45258	-3.76392	-10.6688	-6.35543	-10.0359	-6.57431	-3.76969	-3.33404
-10.1172	-6.92506	-3.54609	-3.67087	-10.2246	-6.83402	-10.2259	-6.73933	-3.82463	-3.26321
-10.297	-7.09577	-3.59358	-3.61664	-10.2205	-6.71044	-10.4186	-6.90075	-3.87907	-3.19046
-10.5263	-7.25706	-3.70102	-3.5234	-10.7616	-7.29159	-10.614	-7.05849	-3.93293	-3.11577
-10.7246	-7.41175	-3.76586	-3.446	-10.8944	-6.83335	-10.8121	-7.21245	-3.98613	-3.03916
-10.9686	-7.55679	-3.88328	-3.33066	-11.2219	-7.56979	-11.0128	-7.36252	-4.03859	-2.96062
-11.1564	-7.71098	-3.91757	-3.27019	-10.986	-7.3707	-11.2161	-7.50862	-4.09021	-2.88015
-11.3238	-7.85724	-3.93116	-3.21722	-11.0934	-7.6776	-11.422	-7.65064	-4.14093	-2.79777
-11.5184	-7.9989	-3.97214	-3.14397	-11.4213	-7.46085	-11.6304	-7.78849	-4.19066	-2.71349
-11.712	-8.10626	-4.02388	-3.0305	-11.5269	-7.8215	-11.8413	-7.92208	-4.23932	-2.6273
-11.9093	-8.23829	-4.05604	-2.95148	-11.9422	-7.88317	-12.0546	-8.05131	-4.28682	-2.53924
-12.133	-8.32808	-4.13728	-2.80532	-12.09	-8.08828	-12.2702	-8.17609	-4.33309	-2.44932
-12.349	-8.45775	-4.1943	-2.72871	-12.4462	-8.02117	-12.4881	-8.29633	-4.37802	-2.35756
-12.564	-8.53638	-4.25652	-2.58401	-12.4231	-8.2599	-12.7082	-8.41193	-4.42156	-2.26399
-12.7737	-8.64149	-4.29201	-2.4824	-12.7461	-8.19449	-12.9304	-8.5228	-4.4636	-2.16863
-13.0466	-8.71528	-4.40217	-2.30569	-13.2911	-8.64594	-13.1547	-8.62886	-4.50407	-2.07151
-13.2838	-8.81946	-4.46026	-2.20725	-13.7929	-8.47158	-13.381	-8.73002	-4.54289	-1.97267
-13.5162	-8.86245	-4.52098	-2.02609	-13.384	-8.57583	-13.6092	-8.82619	-4.57997	-1.87214
-13.7387	-8.92709	-4.55452	-1.88186	-13.6376	-8.26344	-13.8392	-8.91729	-4.61524	-1.76997
-13.9734	-9.01099	-4.59652	-1.77909	-13.9959	-8.99264	-14.0709	-9.00324	-4.64861	-1.6662
-14.2123	-9.09894	-4.63974	-1.69527	-14.4737	-8.79552	-14.3043	-9.08395	-4.68001	-1.56086
-14.4419	-9.18408	-4.66808	-1.61264	-14.4273	-9.1875	-14.5391	-9.15936	-4.70936	-1.45402
-14.6728	-9.25789	-4.69421	-1.51334	-14.5757	-9.32634	-14.7754	-9.22939	-4.73658	-1.34573
-14.9495	-9.25451	-4.76719	-1.27665	-15.062	-9.04396	-15.013	-9.29397	-4.76161	-1.23603
-15.1988	-9.32659	-4.7997	-1.18996	-15.6189	-9.69365	-15.2517	-9.35302	-4.78436	-1.125
-15.4574	-9.41138	-4.8351	-1.12827	-15.6682	-9.56749	-15.4916	-9.40649	-4.80476	-1.01269
-15.7036	-9.44864	-4.8581	-0.988182	-15.9382	-9.35751	-15.7324	-9.45431	-4.82275	-0.899159
-15.9583	-9.51125	-4.88539	-0.9092	-16.0862	-9.59819	-15.9741	-9.49642	-4.83827	-0.784484
-16.2098	-9.52879	-4.90723	-0.754878	-16.6033	-8.85459	-16.2164	-9.53277	-4.85124	-0.668734
-16.4625	-9.51905	-4.92767	-0.57325	-16.4229	-9.37029	-16.4594	-9.5633	-4.8616	-0.55198
-16.6926	-9.52295	-4.92351	-0.425617	-16.011	-9.33486	-16.7027	-9.58797	-4.8693	-0.434301
-16.9655	-9.50528	-4.94895	-0.244859	-17.1132	-9.43043	-16.9464	-9.60673	-4.87427	-0.315773
-17.213	-9.55447	-4.95836	-0.207848	-16.9255	-10.8571	-17.1903	-9.61954	-4.87646	-0.196479
-17.47	-9.56132	-4.9683	-0.0946203	-17.5448	-9.57485	-17.4342	-9.62636	-4.87583	-0.0765024
-17.7253	-9.55485	-4.97111	0.0397946	-18.1371	-9.39146	-17.6781	-9.62717	-4.87232	0.0440703
-17.9787	-9.5189	-4.96816	0.205107	-17.9724	-9.42299	-17.9216	-9.62194	-4.86588	0.165151
-18.2254	-9.48662	-4.95419	0.362815	-18.3083	-9.18778	-18.1648	-9.61064	-4.85648	0.286648
-18.4461	-9.50789	-4.93349	0.400393	-18.2763	-9.60997	-18.4074	-9.59325	-4.84408	0.40847
-18.6848	-9.48906	-4.92081	0.496324	-18.2443	-9.58547	-18.6493	-9.56977	-4.82864	0.530522
-18.9314	-9.47397	-4.91175	0.585873	-18.9545	-9.51544	-18.8904	-9.54017	-4.81012	0.652707
-19.1655	-9.43206	-4.88957	0.703315	-18.6983	-9.02886	-19.1305	-9.50447	-4.78851	0.774927
-19.4047	-9.32492	-4.85087	0.927061	-19.2983	-9.09865	-19.3694	-9.46265	-4.76378	0.897083
-19.6417	-9.25209	-4.81138	1.09327	-19.7037	-8.79906	-19.6069	-9.41472	-4.73591	1.01907
-19.8848	-9.1392	-4.76651	1.29929	-19.8731	-8.96417	-19.8431	-9.36071	-4.70487	1.1408
-20.1193	-9.04414	-4.71908	1.46298	-20.3815	-7.6755	-20.0775	-9.30061	-4.67066	1.26215
-20.3265	-9.11943	-4.71721	1.33775	-20.1607	-9.59663	-20.3102	-9.23446	-4.63328	1.38303
-20.5657	-9.06716	-4.6963	1.4144	-20.4587	-9.7448	-20.5409	-9.16227	-4.59271	1.50334
-20.7855	-8.97641	-4.64551	1.54943	-20.6596	-8.91527	-20.7696	-9.08409	-4.54895	1.62296
-21.0248	-8.89322	-4.61086	1.66652	-21.5568	-8.5005	-20.9959	-8.99994	-4.50202	1.74179
-21.2295	-8.818	-4.55558	1.7583	-21.0195	-8.85081	-21.2198	-8.90987	-4.45191	1.85972
-21.4621	-8.72562	-4.5129	1.87489	-21.8628	-8.64129	-21.4412	-8.81393	-4.39865	1.97666
-21.6675	-8.6843	-4.47552	1.89843	-21.5029	-8.87191	-21.6597	-8.71217	-4.34224	2.0925
-21.8691	-8.53673	-4.37137	2.11197	-21.9514	-7.41274	-21.8754	-8.60465	-4.2827	2.20712
-22.0756	-8.45987	-4.32441	2.17291	-21.9793	-8.57089	-22.0881	-8.49143	-4.22007	2.32043
-22.2857	-8.34111	-4.26739	2.28145	-22.1914	-7.70392	-22.2975	-8.37258	-4.15437	2.43232
-22.508	-8.2535	-4.23436	2.34012	-22.5838	-8.35296	-22.5035	-8.24817	-4.08564	2.5427
-22.706	-8.12459	-4.15466	2.46638	-22.3177	-8.57758	-22.7061	-8.11829	-4.01391	2.65145
-22.9162	-7.92935	-4.06099	2.66246	-22.9861	-7.6724	-22.9049	-7.98301	-3.93923	2.75848
-23.1106	-7.77902	-3.95516	2.8146	-23.2693	-8.32031	-23.1	-7.84243	-3.86163	2.8637
-23.3242	-7.62374	-3.89093	2.9292	-23.4777	-7.56583	-23.2911	-7.69663	-3.78118	2.967
-23.5197	-7.47912	-3.83121	3.00837	-23.473	-7.02103	-23.4781	-7.54572	-3.69792	3.06828
-23.6909	-7.33025	-3.73785	3.10304	-23.5408	-7.36069	-23.6609	-7.3898	-3.61191	3.16746
-23.8779	-7.17019	-3.66109	3.19716	-24.0505	-6.56968	-23.8393	-7.22897	-3.52321	3.26445
-24.0503	-7.05608	-3.59793	3.23094	-23.9384	-7.26171	-24.0132	-7.06336	-3.43189	3.35916
-24.2179	-6.87369	-3.48397	3.35555	-24.3577	-5.94086	-24.1825	-6.89307	-3.33801	3.45149
-24.3681	-6.64858	-3.34047	3.51398	-24.2574	-6.4352	-24.347	-6.71823	-3.24166	3.54138
-24.5352	-6.47135	-3.23255	3.61503	-24.788	-7.18367	-24.5066	-6.53896	-3.14289	3.62873
-24.6508	-6.30692	-3.09803	3.68729	-24.3008	-6.43799	-24.6612	-6.35538	-3.0418	3.71347
-24.7918	-6.11151	-2.97217	3.78708	-24.6108	-6.00878	-24.8107	-6.16764	-2.93846	3.79553
-24.9632	-5.92538	-2.89957	3.85714	-25.146	-5.91902	-24.955	-5.97587	-2.83295	3.87484
-25.0928	-5.71883	-2.77056	3.95003	-24.8975	-5.02285	-25.094	-5.7802	-2.72537	3.95132
-25.2275	-5.54052	-2.6728	4.00287	-25.1941	-5.64372	-25.2276	-5.58079	-2.61581	4.02492
-25.3756	-5.35124	-2.60711	4.04761	-25.5328	-5.4399	-25.3556	-5.37777	-2.50435	4.09557
-25.5107	-5.14138	-2.50451	4.12	-25.5713	-5.10241	-25.4779	-5.1713	-2.39109	4.16322
-25.6414	-4.95333	-2.44041	4.14908	-25.0178	-6.55904	-25.5946	-4.96152	-2.27613	4.22781
-25.7563	-4.76855	-2.34035	4.18802	-25.6952	-4.89995	-25.7055	-4.7486	-2.15956	4.2893
-25.8756	-4.561	-2.2523	4.23599	-25.8162	-4.40681	-25.8105	-4.53268	-2.04149	4.34764
-25.9788	-4.33376	-2.12857	4.3057	-25.9516	-4.26659	-25.9096	-4.31392	-1.92202	4.40279
-26.0904	-4.11645	-1.99312	4.37575	-26.8953	-4.43966	-26.0027	-4.0925	-1.80125	4.45471
-26.1723	-3.85995	-1.83994	4.46035	-26.1198	-3.67723	-26.0897	-3.86856	-1.67928	4.50337
-26.2495	-3.62789	-1.66424	4.53122	-26.5652	-3.85723	-26.1706	-3.64227	-1.55623	4.54875
-26.28	-3.36839	-1.45629	4.60427	-25.9974	-3.24722	-26.2453	-3.41381	-1.4322	4.59081
-26.3306	-3.12766	-1.26948	4.66042	-26.2976	-3.01078	-26.3138	-3.18332	-1.30729	4.62954
-26.3599	-2.88655	-1.08813	4.70038	-26.1741	-2.87885	-26.376	-2.95098	-1.18162	4.66493
-26.4156	-2.65623	-0.956805	4.72687	-26.4681	-3.44967	-26.4319	-2.71697	-1.05529	4.69696
-26.4971	-2.47025	-0.891993	4.71562	-26.674	-2.73852	-26.4815	-2.48143	-0.928411	4.72562
-26.5483	-2.23439	-0.781142	4.7369	-26.657	-1.72382	-26.5247	-2.24456	-0.80109	4.75091
-26.5996	-2.02376	-0.678508	4.73811	-26.6691	-2.17333	-26.5616	-2.0065	-0.673434	4.77284
-26.6278	-1.78471	-0.557243	4.75323	-26.3248	-1.32261	-26.5921	-1.76744	-0.545553	4.79141
-26.6251	-1.54163	-0.383981	4.76786	-26.4671	-1.53207	-26.6161	-1.52753	-0.417552	4.80664
-26.6244	-1.30405	-0.204847	4.77669	-26.4998	-2.19526	-26.6338	-1.28695	-0.289538	4.81852
-26.6276	-1.07537	-0.0650508	4.77266	-26.5998	-1.14277	-26.6451	-1.04586	-0.161616	4.8271
-26.654	-0.844234	0.0293471	4.7717	-27.2008	-1.67679	-26.65	-0.804425	-0.0338883	4.83238
-26.6618	-0.605361	0.147311	4.77169	-26.7355	-0.59539	-26.6485	-0.562811	0.0935412	4.83439
-26.6498	-0.364345	0.306841	4.76811	-26.9891	0.0351487	-26.6406	-0.321181	0.220572	4.83317
-26.6033	-0.0998265	0.490155	4.7693	-26.4553	0.0602653	-26.6264	-0.0796947	0.347104	4.82874
-26.5831	0.137972	0.628669	4.75481	-26.9537	0.136943	-26.6059	0.161489	0.473041	4.82116
-26.5578	0.401339	0.758645	4.75613	-26.6201	0.57588	-26.5792	0.402213	0.598287	4.81045
-26.5416	0.636847	0.839852	4.74008	-26.8241	0.381506	-26.5462	0.642323	0.722748	4.79667
-26.5306	0.897283	0.927742	4.74295	-26.7293	1.06082	-26.5069	0.881666	0.846334	4.77986
-26.4897	1.14197	1.00828	4.72819	-25.9562	2.60409	-26.4616	1.12009	0.968955	4.76007
-26.4305	1.38348	1.14392	4.70179	-26.3986	1.42212	-26.4101	1.35745	1.09053	4.73737
-26.3906	1.6084	1.21606	4.67288	-26.5072	-0.563928	-26.3526	1.59361	1.21096	4.71181
-26.3315	1.83486	1.3313	4.63627	-26.3594	1.79315	-26.2891	1.82841	1.33018	4.68345
-26.2659	2.06488	1.44512	4.60093	-26.3475	1.82827	-26.2197	2.06173	1.44811	4.65235
-26.199	2.27964	1.55282	4.55382	-26.2502	2.18481	-26.1444	2.29342	1.56467	4.61859
-26.1353	2.50834	1.61864	4.52676	-26.069	2.27896	-26.0633	2.52336	1.67979	4.58223
-26.0539	2.74348	1.72956	4.49313	-26.0641	2.80701	-25.9765	2.75141	1.79339	4.54334
-25.9639	2.96577	1.86597	4.44057	-26.3234	3.02388	-25.8841	2.97746	1.90543	4.502
-25.8649	3.21779	1.98301	4.41522	-25.8345	3.42005	-25.7861	3.20139	2.01582	4.45828
-25.7832	3.44253	2.06385	4.37806	-26.1824	3.73376	-25.6826	3.42306	2.12452	4.41227
-25.6755	3.65651	2.17641	4.32071	-25.6666	3.63509	-25.5737	3.64239	2.23146	4.36404
-25.5605	3.86622	2.29059	4.25818	-25.5773	3.13316	-25.4596	3.85924	2.3366	4.31367
-25.4869	4.07059	2.34096	4.21427	-25.7492	3.99968	-25.3402	4.07353	2.43989	4.26125
-25.3645	4.27628	2.4479	4.15069	-25.3516	3.75691	-25.2157	4.28514	2.54127	4.20686
-25.2088	4.48558	2.59028	4.07521	-25.0214	4.52803	-25.0863	4.49399	2.64071	4.15058
-25.0581	4.68264	2.69612	4.00371	-24.2719	4.30917	-24.9518	4.69998	2.73817	4.09251
-24.9374	4.8834	2.77459	3.9461	-25.0363	4.88499	-24.8126	4.90303	2.83361	4.03273
-24.7827	5.07483	2.88414	3.86718	-24.3609	4.95947	-24.6686	5.10304	2.92701	3.97132
-24.619	5.27664	2.99962	3.79408	-24.5041	5.35293	-24.5201	5.29995	3.01833	3.90839
-24.451	5.45538	3.1325	3.68836	-24.4379	5.24592	-24.367	5.49367	3.10754	3.84401
-24.2671	5.63062	3.25669	3.58437	-24.1159	5.61152	-24.2095	5.68414	3.19464	3.77827
-24.1011	5.7984	3.36496	3.47888	-24.5638	4.75836	-24.0477	5.8713	3.27959	3.71127
-23.9281	5.96576	3.45917	3.38267	-23.9153	5.94377	-23.8818	6.05508	3.36239	3.64309
-23.777	6.15093	3.47785	3.35407	-23.5491	6.44495	-23.7117	6.23542	3.44302	3.57383
-23.6067	6.31338	3.55512	3.26587	-23.6471	6.29102	-23.5377	6.41227	3.52148	3.50357
-23.4533	6.49009	3.58426	3.22486	-23.7544	6.53746	-23.3598	6.58559	3.59775	3.4324
-23.2419	6.67734	3.68993	3.15032	-23.0099	6.86182	-23.1781	6.75533	3.67185	3.36041
-23.0458	6.82257	3.76517	3.05302	-22.7862	5.74143	-22.9928	6.92146	3.74376	3.28768
-22.8374	6.98418	3.8555	2.96313	-22.6991	7.063	-22.804	7.08393	3.8135	3.21431
-22.6289	7.119	3.94644	2.84348	-22.418	6.76159	-22.6117	7.24273	3.88106	3.14038
-22.4412	7.26976	4.00174	2.76633	-22.5083	7.31524	-22.4161	7.39782	3.94647	3.06598
-22.2205	7.39244	4.11227	2.61594	-22.0543	7.85452	-22.2173	7.54917	4.00974	2.99118
-22.0397	7.55403	4.14643	2.56956	-22.1947	7.69478	-22.0154	7.69679	4.07087	2.91607
-21.8547	7.71231	4.15912	2.54519	-21.6178	9.0351	-21.8105	7.84064	4.12989	2.84074
-21.6477	7.85506	4.21274	2.47119	-21.6473	7.94	-21.6026	7.98072	4.18681	2.76526
-21.4545	7.98924	4.23882	2.41214	-21.8637	7.78661	-21.392	8.11703	4.24166	2.68971
-21.217	8.05542	4.32257	2.23326	-21.0853	7.83229	-21.1787	8.24957	4.29447	2.61417
-21.022	8.20257	4.31722	2.23257	-20.5503	9.28616	-20.9628	8.37833	4.34526	2.53871
-20.8382	8.35226	4.32847	2.20931	-21.0519	8.50983	-20.7444	8.50333	4.39406	2.46341
-20.6062	8.4582	4.39485	2.09729	-19.9265	9.40847	-20.5237	8.62457	4.4409	2.38835
-20.3668	8.58138	4.45302	2.02057	-20.21	8.68914	-20.3006	8.74206	4.48582	2.31358
-20.1645	8.70823	4.44959	2.00645	-20.2277	8.8532	-20.0753	8.85583	4.52884	2.23919
-19.9563	8.81955	4.47389	1.94202	-20.0633	8.86724	-19.848	8.96589	4.57001	2.16524
-19.752	8.93978	4.46826	1.92936	-19.9264	8.78179	-19.6186	9.07227	4.60937	2.09179
-19.522	9.02077	4.51072	1.82344	-19.4861	8.96665	-19.3873	9.17499	4.64694	2.01891
-19.2904	9.12186	4.54546	1.75541	-18.5719	10.2069	-19.1542	9.27409	4.68278	1.94666
-19.0181	9.19985	4.61629	1.63816	-18.6786	9.19191	-18.9193	9.36959	4.71692	1.8751
-18.7992	9.28685	4.63235	1.57122	-19.2825	8.98189	-18.6827	9.46154	4.7494	1.80429
-18.5518	9.38207	4.67213	1.50416	-18.4242	9.46852	-18.4446	9.54996	4.78028	1.73429
-18.2951	9.41601	4.73477	1.32225	-18.1634	8.72444	-18.2049	9.63492	4.80959	1.66514
-18.0277	9.52527	4.78239	1.28218	-17.7736	9.72478	-17.9639	9.71643	4.83737	1.59691
-17.7874	9.60353	4.79453	1.23695	-17.2296	9.97767	-17.7214	9.79457	4.86368	1.52964
-17.5257	9.70498	4.832	1.20157	-17.3436	9.88109	-17.4777	9.86936	4.88856	1.46338
-17.2852	9.77177	4.85121	1.12799	-17.1554	10.212	-17.2328	9.94087	4.91205	1.39818
-17.0262	9.88897	4.8806	1.13059	-16.8876	10.145	-16.9868	10.0091	4.93421	1.33408
-16.7796	9.94565	4.90021	1.05056	-16.5958	10.1078	-16.7396	10.0743	4.95507	1.27113
-16.5326	10.0588	4.91597	1.06241	-16.5153	10.3091	-16.4915	10.1362	4.97469	1.20937
-16.2856	10.1163	4.93458	0.987867	-16.09	10.5824	-16.2424	10.1952	4.99311	1.14883
-16.035	10.1678	4.95281	0.91208	-16.006	10.1843	-15.9924	10.2511	5.01039	1.08956
-15.791	10.2253	4.95902	0.865997	-15.7234	10.41	-15.7416	10.3041	5.02655	1.03159
-15.546	10.2512	4.96989	0.763835	-15.5699	10.1904	-15.4899	10.3543	5.04166	0.974957
-15.2716	10.2638	5.01134	0.607852	-14.2385	10.9109	-15.2376	10.4016	5.05576	0.919692
-15.0106	10.3288	5.03016	0.576903	-14.9365	10.4722	-14.9846	10.4462	5.06889	0.865828
-14.7613	10.3619	5.02623	0.539445	-14.724	9.63507	-14.7309	10.4882	5.0811	0.813394
-14.4998	10.3542	5.03987	0.405408	-14.4088	10.222	-14.4766	10.5276	5.09243	0.762418
-14.2429	10.3761	5.0481	0.333443	-13.9005	10.5238	-14.2218	10.5645	5.10293	0.712926
-13.9647	10.5035	5.07913	0.425868	-13.8049	10.9383	-13.9665	10.5989	5.11263	0.664944
-13.7127	10.5543	5.07466	0.436775	-13.3956	10.7857	-13.7107	10.631	5.12159	0.618496
-13.4477	10.571	5.08842	0.360019	-13.3556	10.5517	-13.4545	10.6608	5.12983	0.573603
-13.1902	10.5933	5.09474	0.302724	-12.9374	10.8137	-13.1979	10.6884	5.13741	0.530288
-12.9329	10.6875	5.10385	0.362975	-12.9591	11.0099	-12.9409	10.7138	5.14436	0.48857
-12.6755	10.7308	5.106	0.359712	-12.2518	11.2495	-12.6836	10.7373	5.15071	0.448467
-12.4167	10.7205	5.11148	0.256121	-12.3713	10.6091	-12.426	10.7587	5.15651	0.409997
-12.161	10.7547	5.10994	0.255381	-11.9352	10.9161	-12.1681	10.7783	5.16179	0.373177
-11.9058	10.8218	5.1146	0.286378	-11.9451	11.0515	-11.91	10.7961	5.16658	0.338022
-11.6384	10.8393	5.12414	0.247592	-10.9703	10.9676	-11.6516	10.8121	5.17092	0.304546
-11.3891	10.8668	5.12202	0.221494	-11.4548	10.9407	-11.393	10.8265	5.17484	0.272761
-11.1289	10.8131	5.13415	0.00122818	-11.3472	10.5111	-11.1342	10.8394	5.17836	0.242681
-10.8434	10.7911	5.15278	-0.0982014	-10.6009	10.6823	-10.8753	10.8509	5.18153	0.214317
-10.5875	10.7869	5.15035	-0.159397	-10.6563	10.8369	-10.6161	10.8609	5.18435	0.187679
-10.3381	10.7944	5.14456	-0.195519	-10.4142	10.8747	-10.3569	10.8697	5.18687	0.162776
-10.0837	10.8424	5.13974	-0.107147	-9.90413	11.2255	-10.0976	10.8772	5.1891	0.139618
-9.82273	10.8862	5.14679	-0.0807852	-9.83445	11.1032	-9.83809	10.8837	5.19106	0.118212
-9.57712	10.8765	5.13513	-0.125651	-10.195	10.3498	-9.57852	10.8891	5.19278	0.0985664
-9.31572	10.9003	5.14056	-0.126024	-9.3066	11.0348	-9.31887	10.8936	5.19428	0.0806865
-9.06126	10.8869	5.13475	-0.165092	-9.2226	10.3527	-9.05915	10.8972	5.19557	0.0645787
-8.79913	10.9134	5.14106	-0.155044	-8.78899	11.0707	-8.79937	10.9001	5.19667	0.050248
-8.54692	10.8806	5.13233	-0.2261	-8.83914	10.0319	-8.53953	10.9023	5.19759	0.0376992
-8.33319	10.8238	5.09206	-0.336938	-8.62045	10.6577	-8.27965	10.9039	5.19835	0.0269359
-8.07643	10.838	5.09304	-0.306759	-7.91543	11.1157	-8.01974	10.905	5.19896	0.0179617
-7.78286	10.8594	5.12472	-0.291954	-7.51971	11.0005	-7.75979	10.9057	5.19942	0.0107791
-7.52044	10.8596	5.12667	-0.274361	-7.25987	10.6458	-7.49981	10.9061	5.19975	0.00539029
-7.25204	10.8418	5.13344	-0.315778	-7.15631	10.815	-7.23983	10.9063	5.19994	0.00179692
