0.312243	0.58034	0	0	0.312243	0.58034	0.6	0.6	5.19994	0
0.312243	0.58034	0	0	0.862916	0.534212	0.859997	0.600045	5.19975	0.00179686
1.15507	0.483257	0.0834704	2.23532e-18	1.17385	0.481073	1.11998	0.600225	5.19943	0.00538996
1.15507	0.483257	0.0834704	2.23532e-18	0.969149	0.397513	1.37996	0.600629	5.19898	0.0107781
1.44952	0.553224	0.9887	0.0152467	1.65063	0.62469	1.6399	0.601347	5.19839	0.0179597
1.44952	0.553224	0.9887	0.0152467	1.62331	0.499091	1.89982	0.60247	5.19766	0.0269323
1.91208	0.593006	2.46219	0.38627	2.18882	0.648739	2.1597	0.604086	5.19678	0.0376932
1.91208	0.593006	2.46219	0.38627	1.96701	0.557117	2.41954	0.606284	5.19573	0.0502389
2.44169	0.644718	3.45878	0.328264	2.65526	0.66598	2.67932	0.609155	5.1945	0.0645654
2.44169	0.644718	3.45878	0.328264	2.92034	0.645898	2.93904	0.612786	5.19309	0.080668
2.87871	0.634626	3.90688	-0.0493136	3.01222	0.637046	3.19869	0.617267	5.19147	0.0985415
2.87871	0.634626	3.90688	-0.0493136	3.56096	0.485311	3.45825	0.622685	5.18963	0.11818
3.56604	0.384539	4.40185	-1.76578	3.89365	0.311793	3.71772	0.62913	5.18754	0.139576
3.56604	0.384539	4.40185	-1.76578	4.19786	0.698311	3.97708	0.636689	5.18519	0.162724
4.15844	0.483401	5.02391	-0.30995	4.30935	0.578564	4.23632	0.645449	5.18256	0.187614
4.15844	0.483401	5.02391	-0.30995	4.61908	0.68951	4.49542	0.655498	5.17962	0.214238
4.53397	0.748625	4.51711	1.19123	4.35143	0.899174	4.75437	0.666921	5.17634	0.242587
4.53397	0.748625	4.51711	1.19123	5.20901	0.66599	5.01315	0.679804	5.1727	0.272649
5.19754	0.71617	5.08998	0.672484	5.51894	0.648233	5.27175	0.694234	5.16867	0.304413
5.19754	0.71617	5.08998	0.672484	5.22834	0.639362	5.53013	0.710295	5.16422	0.337868
5.82243	0.722807	5.34603	0.414373	6.022	0.708619	5.78828	0.728072	5.15932	0.372999
5.82243	0.722807	5.34603	0.414373	5.89392	0.373584	6.04618	0.747647	5.15393	0.409793
6.33931	0.885409	5.26685	1.06386	6.34249	0.948833	6.30379	0.769103	5.14803	0.448233
6.33931	0.885409	5.26685	1.06386	6.62134	0.836138	6.5611	0.792523	5.14157	0.488305
6.84548	0.825669	5.2851	0.481168	6.78214	0.714036	6.81808	0.817988	5.13452	0.52999
6.84548	0.825669	5.2851	0.481168	7.29121	0.630741	7.07469	0.845578	5.12685	0.573269
7.29345	0.931898	5.15457	0.766332	7.13735	0.957217	7.3309	0.875373	5.11851	0.618123
7.29345	0.931898	5.15457	0.766332	8.08349	0.819605	7.58668	0.907449	5.10946	0.664531
7.81479	0.849005	5.18179	0.256708	7.80533	0.719126	7.84199	0.941886	5.09966	0.712469
7.81479	0.849005	5.18179	0.256708	8.40453	0.884557	8.0968	0.978759	5.08907	0.761915
8.30815	0.858161	5.15398	0.200647	8.24796	0.840322	8.35106	1.01814	5.07766	0.812843
8.30815	0.858161	5.15398	0.200647	8.45858	1.41118	8.60472	1.06011	5.06537	0.865226
8.79918	0.964614	5.12253	0.460255	8.74615	1.04858	8.85775	1.10473	5.05216	0.919037
8.79918	0.964614	5.12253	0.460255	9.8809	1.1419	9.1101	1.15208	5.03798	0.974245
9.29562	1.03039	5.10159	0.538176	9.25579	1.04913	9.36172	1.20223	5.0228	1.03082
9.29562	1.03039	5.10159	0.538176	10.1016	1.52474	9.61255	1.25524	5.00656	1.08873
9.85577	1.24593	5.10599	1.00197	10.0484	1.44598	9.86254	1.31118	4.98922	1.14794
9.85577	1.24593	5.10599	1.00197	10.5377	1.72555	10.1117	1.37011	4.97074	1.20841
10.3355	1.40029	5.03739	1.21147	10.2492	1.45907	10.3598	1.4321	4.95106	1.2701
10.3355	1.40029	5.03739	1.21147	10.9084	1.70343	10.6069	1.49721	4.93014	1.33298
10.816	1.49859	5.00467	1.24069	10.7313	1.45265	10.853	1.56549	4.90794	1.39701
10.816	1.49859	5.00467	1.24069	11.4783	1.42876	11.0979	1.637	4.8844	1.46213
11.3731	1.61243	5.04767	1.28485	11.587	1.61462	11.3416	1.71179	4.85948	1.52832
11.3731	1.61243	5.04767	1.28485	11.4763	1.53917	11.584	1.78992	4.83313	1.59551
11.8557	1.74883	5.00472	1.37807	11.7788	1.74591	11.8251	1.87144	4.80531	1.66366
11.8557	1.74883	5.00472	1.37807	12.136	2.14937	12.0647	1.95639	4.77598	1.73273
12.3521	1.85207	4.99418	1.37897	12.3226	1.78353	12.3029	2.04482	4.74508	1.80265
12.3521	1.85207	4.99418	1.37897	12.5457	1.77728	12.5394	2.13677	4.71257	1.87338
12.7916	2.0692	4.8857	1.6182	12.5924	2.17509	12.7743	2.23227	4.67842	1.94485
12.7916	2.0692	4.8857	1.6182	13.2198	2.6644	13.0075	2.33137	4.64258	2.01701
13.2335	2.30321	4.77971	1.84822	13.0875	2.40708	13.2388	2.43409	4.605	2.08981
13.2335	2.30321	4.77971	1.84822	12.7087	3.12439	13.4682	2.54047	4.56565	2.16317
13.7274	2.53146	4.73749	2.01932	13.836	2.62479	13.6955	2.65053	4.52448	2.23703
13.7274	2.53146	4.73749	2.01932	13.8302	2.73893	13.9208	2.7643	4.48147	2.31134
14.1905	2.80456	4.64606	2.24945	14.2106	2.94205	14.1439	2.88179	4.43656	2.38601
14.1905	2.80456	4.64606	2.24945	14.5568	2.87021	14.3646	3.00303	4.38974	2.46099
14.622	3.00453	4.57556	2.31644	14.4616	2.90734	14.583	3.12802	4.34097	2.5362
14.622	3.00453	4.57556	2.31644	14.6754	3.96041	14.7989	3.25679	4.29021	2.61157
15.0513	3.32707	4.43939	2.5848	15.0261	3.5067	15.0122	3.38932	4.23744	2.68703
15.0513	3.32707	4.43939	2.5848	15.3685	4.14761	15.2228	3.52563	4.18263	2.76249
15.4829	3.66186	4.30998	2.82997	15.5236	3.82936	15.4306	3.66572	4.12575	2.83789
15.4829	3.66186	4.30998	2.82997	15.7234	3.4105	15.6355	3.80957	4.06678	2.91315
15.9195	3.96134	4.22753	2.97262	15.9774	4.00094	15.8375	3.95719	4.00571	2.98817
15.9195	3.96134	4.22753	2.97262	16.3376	4.21632	16.0363	4.10854	3.94251	3.0629
16.3234	4.3175	4.08109	3.19043	16.3313	4.44499	16.2319	4.26363	3.87716	3.13723
16.3234	4.3175	4.08109	3.19043	16.7586	4.48231	16.4242	4.42242	3.80966	3.21109
16.6981	4.66046	3.92862	3.35777	16.6039	4.67344	16.613	4.5849	3.74	3.28438
16.6981	4.66046	3.92862	3.35777	16.9236	5.10119	16.7983	4.75103	3.66817	3.35704
17.0496	5.06704	3.71857	3.59868	16.9955	5.21099	16.9799	4.92077	3.59416	3.42897
17.0496	5.06704	3.71857	3.59868	17.3421	4.64623	17.1579	5.09409	3.51797	3.50008
17.3866	5.44381	3.53988	3.75601	17.2894	5.43542	17.3319	5.27094	3.4396	3.57028
17.3866	5.44381	3.53988	3.75601	17.6463	4.74597	17.5019	5.45128	3.35907	3.63949
17.7616	5.76895	3.48104	3.79303	17.7853	5.62476	17.6679	5.63506	3.27637	3.70762
17.7616	5.76895	3.48104	3.79303	17.9216	6.07151	17.8297	5.82221	3.19151	3.77458
18.1069	6.15595	3.35119	3.91341	18.1263	6.16985	17.9872	6.01269	3.10453	3.84027
18.1069	6.15595	3.35119	3.91341	18.1245	6.79027	18.1402	6.20641	3.01542	3.90462
18.373	6.59792	3.08726	4.11209	18.2164	6.66138	18.2888	6.40332	2.92421	3.96753
18.373	6.59792	3.08726	4.11209	18.4022	7.02231	18.4328	6.60333	2.83093	4.0289
18.6623	6.96445	2.94961	4.16444	18.5422	6.76013	18.572	6.80638	2.7356	4.08867
18.6623	6.96445	2.94961	4.16444	18.8089	7.24388	18.7064	7.01237	2.63825	4.14672
19.0155	7.32249	2.941	4.16439	19.1441	7.18344	18.8359	7.22122	2.53893	4.20299
19.0155	7.32249	2.941	4.16439	18.5479	7.4012	18.9604	7.43283	2.43767	4.25737
19.2173	7.79567	2.62896	4.35629	19.0138	7.8688	19.0798	7.64712	2.3345	4.3098
19.2173	7.79567	2.62896	4.35629	19.3089	7.67375	19.1939	7.86397	2.22949	4.36017
19.3903	8.23923	2.32889	4.47952	19.132	8.12845	19.3028	8.08329	2.12266	4.40842
19.3903	8.23923	2.32889	4.47952	19.0239	8.17194	19.4062	8.30497	2.01409	4.45445
19.5712	8.62997	2.11742	4.51103	19.347	8.30741	19.5042	8.5289	1.90381	4.49819
19.5712	8.62997	2.11742	4.51103	19.6843	8.35902	19.5966	8.75494	1.7919	4.53956
19.8517	9.02772	2.10171	4.50961	20.0039	8.8906	19.6835	8.983	1.67841	4.57848
19.8517	9.02772	2.10171	4.50961	19.6061	9.48659	19.7645	9.21294	1.56341	4.61488
20.0842	9.47007	1.9949	4.5621	20.1574	9.45949	19.8398	9.44463	1.44697	4.64869
20.0842	9.47007	1.9949	4.5621	19.6163	9.76606	19.9093	9.67795	1.32916	4.67984
20.243	9.93327	1.77262	4.64259	20.1573	9.90876	19.9728	9.91275	1.21005	4.70826
20.243	9.93327	1.77262	4.64259	19.1911	11.5493	20.0303	10.1489	1.08972	4.73389
20.3357	10.4293	1.44872	4.74864	20.166	10.4687	20.0818	10.3863	0.968259	4.75666
20.3357	10.4293	1.44872	4.74864	19.6775	10.803	20.1271	10.6247	0.845742	4.77652
20.4351	10.932	1.17862	4.83176	20.371	11.0109	20.1663	10.864	0.722256	4.7934
20.4351	10.932	1.17862	4.83176	19.4335	12.3402	20.1993	11.1041	0.597892	4.80727
20.4782	11.4169	0.856637	4.87966	20.3164	11.3483	20.2261	11.3449	0.472738	4.81807
20.4782	11.4169	0.856637	4.87966	19.2063	12.2418	20.2466	11.5861	0.346889	4.82575
20.57	11.9095	0.671976	4.91573	20.6141	11.9422	20.2608	11.8275	0.220439	4.83027
20.57	11.9095	0.671976	4.91573	19.966	11.9688	20.2687	12.0692	0.093487	4.83159
20.5292	12.4305	0.259122	4.95835	20.3263	12.4966	20.2701	12.3108	-0.0338694	4.82968
20.5292	12.4305	0.259122	4.95835	20.0192	12.4823	20.2652	12.5522	-0.161529	4.82451
20.5301	12.9221	0.000444933	4.9594	20.498	12.8924	20.254	12.7933	-0.28939	4.81605
20.5301	12.9221	0.000444933	4.9594	20.9151	12.2555	20.2363	13.0339	-0.417348	4.80428
20.4211	13.3845	-0.414725	4.90241	20.1943	13.1688	20.2122	13.2738	-0.545298	4.78918
20.4211	13.3845	-0.414725	4.90241	19.858	13.5236	20.1818	13.5129	-0.673135	4.77072
20.3532	13.8762	-0.694814	4.87267	20.3245	13.8896	20.1449	13.7509	-0.800753	4.74892
20.3532	13.8762	-0.694814	4.87267	20.3387	13.5307	20.1017	13.9878	-0.928043	4.72374
20.2232	14.3577	-1.03974	4.8078	20.1216	14.337	20.0521	14.2233	-1.0549	4.69521
20.2232	14.3577	-1.03974	4.8078	19.6717	14.4038	19.9962	14.4573	-1.18121	4.66331
20.0017	14.8229	-1.49558	4.68092	19.781	14.773	19.934	14.6897	-1.30687	4.62805
20.0017	14.8229	-1.49558	4.68092	20.1149	14.0165	19.8655	14.9202	-1.43177	4.58944
19.8951	15.2763	-1.65938	4.60957	20.0208	15.2053	19.7908	15.1486	-1.55581	4.54751
19.8951	15.2763	-1.65938	4.60957	20.0157	15.3443	19.7099	15.3749	-1.67887	4.50226
19.7734	15.7083	-1.81109	4.5198	19.9131	15.554	19.6229	15.5989	-1.80085	4.45372
19.7734	15.7083	-1.81109	4.5198	19.9388	15.0864	19.5298	15.8203	-1.92164	4.40193
19.5421	16.1266	-2.1252	4.36403	19.4748	16.0098	19.4307	16.039	-2.04114	4.3469
19.5421	16.1266	-2.1252	4.36403	19.1556	16.0022	19.3257	16.2549	-2.15925	4.28868
19.2806	16.5039	-2.43742	4.15906	19.238	16.2719	19.2148	16.4679	-2.27586	4.22731
19.2806	16.5039	-2.43742	4.15906	19.4007	16.2962	19.0981	16.6777	-2.39087	4.16284
19.0146	16.8978	-2.69602	3.98655	19.0029	16.8387	18.9757	16.8841	-2.50418	4.0953
19.0146	16.8978	-2.69602	3.98655	18.8373	17.7112	18.8477	17.0872	-2.61571	4.02476
18.7047	17.2983	-2.9725	3.80955	18.6148	17.3832	18.7142	17.2866	-2.72534	3.95127
18.7047	17.2983	-2.9725	3.80955	18.8177	17.0316	18.5752	17.4822	-2.83299	3.87489
18.3054	17.6278	-3.34476	3.49773	18.1023	17.5529	18.4309	17.674	-2.93858	3.79568
18.3054	17.6278	-3.34476	3.49773	18.2749	17.4877	18.2814	17.8617	-3.042	3.71372
18.034	18.0004	-3.44404	3.38401	18.2094	18.0461	18.1268	18.0453	-3.14318	3.62906
18.034	18.0004	-3.44404	3.38401	18.3021	17.498	17.9671	18.2246	-3.24204	3.5418
17.7301	18.3213	-3.57226	3.20147	17.9018	18.2183	17.8026	18.3994	-3.3385	3.45199
17.7301	18.3213	-3.57226	3.20147	18.8558	18.1364	17.6334	18.5697	-3.43247	3.35973
17.3749	18.6482	-3.73614	3.01741	17.3845	18.7039	17.4595	18.7353	-3.5239	3.26509
17.3749	18.6482	-3.73614	3.01741	17.7945	18.0801	17.281	18.8962	-3.61271	3.16817
17.034	18.941	-3.85133	2.82915	17.1762	18.8863	17.0983	19.0521	-3.69883	3.06904
17.034	18.941	-3.85133	2.82915	16.9398	19.7311	16.9113	19.203	-3.78221	2.9678
16.6124	19.1685	-4.05546	2.51416	16.5734	19.052	16.7201	19.3488	-3.86278	2.86455
16.6124	19.1685	-4.05546	2.51416	16.1674	20.2201	16.5251	19.4894	-3.9405	2.75938
16.2243	19.4623	-4.15582	2.37252	16.2338	19.6171	16.3262	19.6246	-4.01531	2.65237
16.2243	19.4623	-4.15582	2.37252	16.4366	18.2742	16.1237	19.7545	-4.08716	2.54364
15.8435	19.7438	-4.22246	2.25172	15.9243	19.8703	15.9176	19.8789	-4.15602	2.43329
15.8435	19.7438	-4.22246	2.25172	16.2328	19.2166	15.7082	19.9978	-4.22185	2.32141
15.4366	20.0184	-4.29894	2.13427	15.4332	20.1836	15.4956	20.111	-4.28461	2.2081
15.4366	20.0184	-4.29894	2.13427	14.3677	21.3406	15.2799	20.2185	-4.34427	2.09347
15.0592	20.2943	-4.31917	2.06915	15.2016	20.4385	15.0613	20.3203	-4.4008	1.97763
15.0592	20.2943	-4.31917	2.06915	14.7476	19.9571	14.84	20.4162	-4.4542	1.86068
14.6401	20.5264	-4.38516	1.92986	14.6665	20.6088	14.6161	20.5063	-4.50443	1.74272
14.6401	20.5264	-4.38516	1.92986	13.841	21.0031	14.3897	20.5904	-4.55149	1.62386
14.1609	20.666	-4.51933	1.62681	14.0521	20.5924	14.1611	20.6686	-4.59537	1.50421
14.1609	20.666	-4.51933	1.62681	13.8232	20.859	13.9304	20.7408	-4.63606	1.38386
13.6541	20.7757	-4.65159	1.29946	13.4686	20.7253	13.6977	20.807	-4.67357	1.26294
13.6541	20.7757	-4.65159	1.29946	13.8263	20.4261	13.4632	20.8671	-4.70789	1.14153
13.1678	20.87	-4.73135	1.00685	13.1072	20.8294	13.2271	20.9211	-4.73904	1.01975
13.1678	20.87	-4.73135	1.00685	13.2669	21.1579	12.9895	20.969	-4.76702	0.897694
12.7305	20.998	-4.74087	0.852204	12.8729	21.0592	12.7506	21.0108	-4.79186	0.775469
12.7305	20.998	-4.74087	0.852204	11.5171	21.6724	12.5106	21.0465	-4.81358	0.653175
12.2483	21.0808	-4.78385	0.627939	12.2062	21.11	12.2695	21.0761	-4.83219	0.530912
12.2483	21.0808	-4.78385	0.627939	12.3859	21.1066	12.0276	21.0996	-4.84773	0.408778
11.7434	21.0455	-4.82493	0.213524	11.6814	20.8651	11.785	21.117	-4.86022	0.286869
11.7434	21.0455	-4.82493	0.213524	11.5265	20.6748	11.5418	21.1283	-4.86971	0.165281
11.2785	21.0618	-4.81567	-0.0231348	11.363	21.0688	11.2982	21.1335	-4.87623	0.0441057
11.2785	21.0618	-4.81567	-0.0231348	10.5558	20.5567	11.0544	21.1327	-4.87982	-0.076565
10.8101	21.0109	-4.7889	-0.343972	10.8903	20.927	10.8105	21.1259	-4.88053	-0.196643
10.8101	21.0109	-4.7889	-0.343972	9.30535	21.3896	10.5666	21.1131	-4.8784	-0.31604
10.3131	21.0396	-4.80044	-0.461805	10.189	21.209	10.3229	21.0943	-4.87349	-0.434674
10.3131	21.0396	-4.80044	-0.461805	9.97958	21.2932	10.0795	21.0697	-4.86585	-0.552463
9.86081	20.9816	-4.74819	-0.703047	9.99634	20.9797	9.83658	21.0391	-4.85554	-0.669327
9.86081	20.9816	-4.74819	-0.703047	9.38223	21.111	9.59422	21.0028	-4.84262	-0.785189
9.41268	20.8915	-4.68191	-0.958834	9.53921	20.8762	9.35258	20.9607	-4.82714	-0.899977
9.41268	20.8915	-4.68191	-0.958834	9.63392	20.9724	9.11177	20.9128	-4.80919	-1.01362
8.90808	20.7984	-4.66678	-1.17515	8.70331	20.8221	8.87192	20.8594	-4.78881	-1.12605
8.90808	20.7984	-4.66678	-1.17515	9.84634	20.009	8.63315	20.8003	-4.76608	-1.2372
8.41252	20.6143	-4.60442	-1.51639	8.22277	20.4839	8.39557	20.7358	-4.74108	-1.34701
8.41252	20.6143	-4.60442	-1.51639	8.29647	20.4978	8.1593	20.6657	-4.71387	-1.45542
7.94519	20.4524	-4.52959	-1.75413	7.88599	20.45	7.92445	20.5903	-4.68453	-1.56237
7.94519	20.4524	-4.52959	-1.75413	8.29081	20.6565	7.69111	20.5096	-4.65313	-1.66781
7.43993	20.3161	-4.51525	-1.89067	7.18029	20.392	7.45939	20.4237	-4.61975	-1.7717
7.43993	20.3161	-4.51525	-1.89067	7.09214	20.1196	7.22939	20.3326	-4.58448	-1.87399
6.9603	20.1452	-4.46542	-2.05494	6.81542	20.1859	7.00119	20.2364	-4.54738	-1.97462
6.9603	20.1452	-4.46542	-2.05494	6.89359	20.1536	6.7749	20.1352	-4.50854	-2.07357
6.49245	19.9615	-4.40756	-2.20457	6.38914	20.0137	6.55059	20.0292	-4.46805	-2.17079
6.49245	19.9615	-4.40756	-2.20457	6.67637	20.2142	6.32834	19.9183	-4.42598	-2.26625
6.01684	19.7719	-4.36708	-2.32537	5.86119	19.8306	6.10823	19.8027	-4.38241	-2.35993
6.01684	19.7719	-4.36708	-2.32537	5.28178	19.5036	5.89034	19.6824	-4.33744	-2.45178
5.60259	19.5375	-4.24572	-2.50862	5.69089	19.5755	5.67472	19.5577	-4.29114	-2.5418
5.60259	19.5375	-4.24572	-2.50862	5.9506	18.9859	5.46145	19.4284	-4.24359	-2.62995
5.17145	19.3264	-4.17434	-2.60824	5.17021	19.4397	5.25059	19.2948	-4.19488	-2.71622
5.17145	19.3264	-4.17434	-2.60824	5.87397	19.301	5.04219	19.157	-4.1451	-2.80059
4.79046	19.0265	-4.00451	-2.84396	4.89149	18.982	4.8363	19.015	-4.09432	-2.88305
4.79046	19.0265	-4.00451	-2.84396	3.98679	19.0452	4.63297	18.8689	-4.04263	-2.96359
4.40415	18.7573	-3.88179	-2.98275	4.4685	18.834	4.43224	18.7188	-3.99012	-3.0422
4.40415	18.7573	-3.88179	-2.98275	4.69245	18.4634	4.23416	18.5648	-3.93685	-3.11888
4.06977	18.442	-3.68362	-3.17827	4.26269	18.481	4.03876	18.4071	-3.88293	-3.19362
4.06977	18.442	-3.68362	-3.17827	3.42434	18.8357	3.84606	18.2457	-3.82841	-3.26644
3.6528	18.1487	-3.6313	-3.27344	3.45919	18.167	3.65611	18.0807	-3.77339	-3.33732
3.6528	18.1487	-3.6313	-3.27344	4.3011	17.9267	3.46891	17.9122	-3.71795	-3.40627
3.26498	17.81	-3.52775	-3.42015	3.12525	17.7493	3.28449	17.7402	-3.66215	-3.47331
3.26498	17.81	-3.52775	-3.42015	2.65664	17.888	3.10287	17.565	-3.60609	-3.53844
2.89755	17.5513	-3.47319	-3.4246	2.9449	17.8154	2.92405	17.3866	-3.54982	-3.60167
2.89755	17.5513	-3.47319	-3.4246	3.26647	17.0897	2.74805	17.2051	-3.49344	-3.66302
2.56596	17.1728	-3.30516	-3.60297	2.55407	17.0853	2.57486	17.0205	-3.437	-3.72251
2.56596	17.1728	-3.30516	-3.60297	2.55039	16.8884	2.4045	16.833	-3.38059	-3.78014
2.24339	16.8123	-3.1623	-3.72403	2.25371	16.8334	2.23695	16.6427	-3.32428	-3.83595
2.24339	16.8123	-3.1623	-3.72403	1.57735	16.0489	2.07221	16.4497	-3.26812	-3.88995
1.95079	16.3576	-2.933	-3.9552	1.88972	16.1054	1.91027	16.254	-3.21219	-3.94216
1.95079	16.3576	-2.933	-3.9552	1.74362	16.2687	1.75112	16.0557	-3.15656	-3.99261
1.60188	16.0047	-2.89643	-3.98964	1.44745	16.0853	1.59474	15.8549	-3.10129	-4.04132
1.60188	16.0047	-2.89643	-3.98964	1.6097	15.5526	1.44111	15.6517	-3.04644	-4.08832
1.29988	15.5718	-2.7508	-4.12868	1.18395	15.4284	1.29021	15.4463	-2.99207	-4.13364
1.29988	15.5718	-2.7508	-4.12868	0.828993	15.528	1.14201	15.2386	-2.93825	-4.1773
0.964585	15.1459	-2.69267	-4.21741	0.722706	15.0075	0.996486	15.0288	-2.88503	-4.21933
0.964585	15.1459	-2.69267	-4.21741	1.03147	15.2134	0.853604	14.8169	-2.83246	-4.25977
0.713616	14.7137	-2.51459	-4.32485	0.737301	14.7047	0.71333	14.603	-2.78061	-4.29864
0.713616	14.7137	-2.51459	-4.32485	0.722177	14.2445	0.575628	14.3872	-2.72952	-4.33598
0.417601	14.278	-2.44067	-4.39591	0.253435	14.2029	0.440459	14.1696	-2.67925	-4.37181
0.417601	14.278	-2.44067	-4.39591	-0.0328023	13.9604	0.307779	13.9502	-2.62984	-4.40617
0.269638	13.7819	-2.0986	-4.56702	0.459172	13.6856	0.177545	13.7292	-2.58135	-4.43909
0.269638	13.7819	-2.0986	-4.56702	0.0524412	13.6377	0.0497099	13.5065	-2.53381	-4.47061
-0.00142086	13.3333	-2.04726	-4.6142	-0.190344	13.2856	-0.0757753	13.2823	-2.48728	-4.50075
-0.00142086	13.3333	-2.04726	-4.6142	-0.275043	13.1456	-0.198962	13.0566	-2.44179	-4.52955
-0.131741	12.8637	-1.75634	-4.70802	0.0462308	12.9301	-0.319903	12.8295	-2.39739	-4.55704
-0.131741	12.8637	-1.75634	-4.70802	-0.684792	12.3563	-0.438654	12.6011	-2.35412	-4.58326
-0.348348	12.3968	-1.66525	-4.75556	-0.476482	12.3633	-0.555273	12.3714	-2.31202	-4.60823
-0.348348	12.3968	-1.66525	-4.75556	-0.972122	12.5207	-0.669818	12.1404	-2.27111	-4.63198
-0.536156	11.9463	-1.55652	-4.78013	-0.582624	12.0386	-0.78235	11.9083	-2.23144	-4.65456
-0.536156	11.9463	-1.55652	-4.78013	-1.26757	11.6495	-0.892931	11.6751	-2.19304	-4.67598
-0.826255	11.4826	-1.65655	-4.78098	-1.17212	11.3988	-1.00163	11.4409	-2.15594	-4.69628
-0.826255	11.4826	-1.65655	-4.78098	-0.891441	10.959	-1.1085	11.2057	-2.12017	-4.71549
-1.11081	11.0332	-1.75756	-4.75898	-1.39289	11.0424	-1.21362	10.9695	-2.08575	-4.73364
-1.11081	11.0332	-1.75756	-4.75898	-1.29894	10.9012	-1.31706	10.7324	-2.05273	-4.75075
-1.33876	10.5431	-1.74011	-4.79491	-1.49687	10.4198	-1.41889	10.4945	-2.02111	-4.76686
-1.33876	10.5431	-1.74011	-4.79491	-1.59293	10.0212	-1.51917	10.2559	-1.99093	-4.78198
-1.55105	10.1002	-1.72416	-4.78059	-1.61875	10.2374	-1.61797	10.0165	-1.96221	-4.79615
-1.55105	10.1002	-1.72416	-4.78059	-1.59702	9.96554	-1.71539	9.77637	-1.93498	-4.80939
-1.7281	9.63855	-1.64719	-4.79509	-1.73381	9.71347	-1.81147	9.53564	-1.90924	-4.82172
-1.7281	9.63855	-1.64719	-4.79509	-2.27191	9.37316	-1.90631	9.29431	-1.88502	-4.83316
-1.88225	9.09052	-1.51157	-4.89678	-1.93833	8.77028	-1.99998	9.05243	-1.86233	-4.84374
-1.88225	9.09052	-1.51157	-4.89678	-1.96565	9.13274	-2.09256	8.81003	-1.8412	-4.85347
-2.07096	8.59704	-1.4855	-4.91925	-2.1768	8.5411	-2.18412	8.56717	-1.82164	-4.86238
-2.07096	8.59704	-1.4855	-4.91925	-2.65862	8.19477	-2.27474	8.32388	-1.80365	-4.87047
-2.21827	8.11316	-1.39708	-4.9383	-2.21875	8.15339	-2.3645	8.0802	-1.78726	-4.87778
-2.21827	8.11316	-1.39708	-4.9383	-2.273	8.52315	-2.45348	7.83617	-1.77248	-4.8843
-2.42844	7.62773	-1.44557	-4.93608	-2.59674	7.60288	-2.54177	7.59184	-1.75931	-4.89006
-2.42844	7.62773	-1.44557	-4.93608	-3.08256	7.38874	-2.62944	7.34723	-1.74777	-4.89507
-2.63749	7.13227	-1.4924	-4.94089	-2.79865	7.064	-2.71658	7.10238	-1.73786	-4.89933
-2.63749	7.13227	-1.4924	-4.94089	-2.79412	7.20818	-2.80326	6.85734	-1.72958	-4.90286
-2.78256	6.67652	-1.43239	-4.9244	-2.74651	6.86867	-2.88957	6.61214	-1.72295	-4.90566
-2.78256	6.67652	-1.43239	-4.9244	-2.57673	6.36755	-2.97559	6.36681	-1.71797	-4.90774
-2.91806	6.19077	-1.35748	-4.93826	-2.90217	6.22989	-3.0614	6.12139	-1.71464	-4.90911
-2.91806	6.19077	-1.35748	-4.93826	-3.50172	6.10796	-3.14709	5.87592	-1.71297	-4.90976
-3.08282	5.67345	-1.34265	-4.97048	-3.1778	5.53101	-3.23274	5.63043	-1.71295	-4.9097
-3.08282	5.67345	-1.34265	-4.97048	-3.19736	5.19093	-3.31843	5.38496	-1.71458	-4.90893
-3.27891	5.17338	-1.40137	-4.97231	-3.43031	5.10507	-3.40424	5.13955	-1.71787	-4.90745
-3.27891	5.17338	-1.40137	-4.97231	-3.4281	4.94644	-3.49026	4.89422	-1.72281	-4.90525
-3.49738	4.66153	-1.49953	-4.97585	-3.69435	4.52196	-3.57657	4.64902	-1.72939	-4.90233
-3.49738	4.66153	-1.49953	-4.97585	-3.50501	4.17643	-3.66325	4.40398	-1.73763	-4.89868
-3.75307	4.1596	-1.66585	-4.95306	-4.00238	4.04684	-3.75039	4.15913	-1.74749	-4.8943
-3.75307	4.1596	-1.66585	-4.95306	-4.06447	4.10977	-3.83806	3.91452	-1.75899	-4.88918
-3.91059	3.67797	-1.63502	-4.94934	-3.88053	3.75177	-3.92635	3.67019	-1.77212	-4.8833
-3.91059	3.67797	-1.63502	-4.94934	-4.23729	3.88878	-4.01533	3.42616	-1.78686	-4.87666
-4.09938	3.19336	-1.66802	-4.93629	-4.15119	3.21968	-4.10509	3.18248	-1.8032	-4.86925
-4.09938	3.19336	-1.66802	-4.93629	-4.27467	2.88187	-4.19571	2.93919	-1.82113	-4.86104
-4.27663	2.6765	-1.66776	-4.96017	-4.32451	2.55034	-4.28727	2.69633	-1.84065	-4.85202
-4.27663	2.6765	-1.66776	-4.96017	-4.38481	2.39989	-4.37985	2.45393	-1.86173	-4.84218
-4.49156	2.17347	-1.7444	-4.95377	-4.61223	2.09192	-4.47352	2.21205	-1.88436	-4.83149
-4.49156	2.17347	-1.7444	-4.95377	-4.29257	1.92854	-4.56836	1.97072	-1.90853	-4.81994
-4.72198	1.6632	-1.84087	-4.94848	-4.86829	1.53442	-4.66444	1.72998	-1.93422	-4.80751
-4.72198	1.6632	-1.84087	-4.94848	-4.98165	1.43611	-4.76186	1.48989	-1.9614	-4.79417
-4.83742	1.17745	-1.71756	-4.96499	-4.66779	1.28643	-4.86066	1.25049	-1.99007	-4.7799
-4.83742	1.17745	-1.71756	-4.96499	-4.98594	1.10894	-4.96095	1.01182	-2.02019	-4.76468
-4.96798	0.699046	-1.63891	-4.96404	-4.85498	0.825661	-5.06277	0.77393	-2.05174	-4.74848
-4.96798	0.699046	-1.63891	-4.96404	-4.84736	0.18101	-5.16621	0.536876	-2.08471	-4.73127
-5.13133	0.212189	-1.62837	-4.95951	-5.1231	0.257311	-5.27133	0.300706	-2.11906	-4.71303
-5.13133	0.212189	-1.62837	-4.95951	-5.99809	-0.290765	-5.3782	0.0654719	-2.15477	-4.69374
-5.29893	-0.270628	-1.62952	-4.94955	-5.29972	-0.212982	-5.4869	-0.168772	-2.1918	-4.67335
-5.29893	-0.270628	-1.62952	-4.94955	-5.64447	-0.144522	-5.59748	-0.401971	-2.23014	-4.65185
-5.60012	-0.688711	-1.90028	-4.82539	-5.85359	-0.445801	-5.71001	-0.634069	-2.26974	-4.62919
-5.60012	-0.688711	-1.90028	-4.82539	-5.30947	-0.724468	-5.82456	-0.865006	-2.31058	-4.60536
-5.8129	-1.18341	-1.95424	-4.82223	-5.87835	-1.26863	-5.94118	-1.09472	-2.35262	-4.58032
-5.8129	-1.18341	-1.95424	-4.82223	-5.68069	-1.52871	-6.05993	-1.32316	-2.39581	-4.55404
-6.09904	-1.62256	-2.15168	-4.72879	-6.27263	-1.50938	-6.18087	-1.55025	-2.44014	-4.52648
-6.09904	-1.62256	-2.15168	-4.72879	-6.11355	-1.75966	-6.30406	-1.77593	-2.48555	-4.49762
-6.32088	-2.10053	-2.19615	-4.71583	-6.34007	-2.13685	-6.42954	-2.00014	-2.532	-4.46742
-6.32088	-2.10053	-2.19615	-4.71583	-6.99344	-2.17445	-6.55738	-2.22281	-2.57946	-4.43585
-6.62596	-2.53295	-2.39649	-4.61375	-6.79288	-2.4458	-6.68761	-2.44386	-2.62788	-4.40288
-6.62596	-2.53295	-2.39649	-4.61375	-7.14408	-2.67584	-6.82029	-2.66323	-2.6772	-4.36847
-6.84087	-3.01698	-2.39275	-4.62719	-6.8003	-3.10086	-6.95546	-2.88084	-2.7274	-4.3326
-6.84087	-3.01698	-2.39275	-4.62719	-7.13937	-3.22028	-7.09316	-3.09663	-2.7784	-4.29523
-7.10761	-3.43495	-2.49993	-4.54164	-7.12118	-3.26434	-7.23344	-3.3105	-2.83017	-4.25632
-7.10761	-3.43495	-2.49993	-4.54164	-7.77186	-4.08999	-7.37632	-3.5224	-2.88265	-4.21586
-7.42487	-3.8023	-2.69496	-4.37928	-7.49009	-3.49081	-7.52184	-3.73223	-2.93579	-4.1738
-7.42487	-3.8023	-2.69496	-4.37928	-7.52393	-3.88213	-7.67004	-3.93992	-2.98953	-4.13012
-7.74688	-4.23691	-2.84636	-4.30552	-7.88049	-4.29783	-7.82094	-4.14538	-3.04381	-4.08479
-7.74688	-4.23691	-2.84636	-4.30552	-8.08524	-4.57834	-7.97457	-4.34854	-3.09857	-4.03778
-8.08016	-4.67773	-2.99047	-4.24255	-8.22492	-4.79812	-8.13095	-4.5493	-3.15376	-3.98906
-8.08016	-4.67773	-2.99047	-4.24255	-8.453	-4.95621	-8.2901	-4.74759	-3.2093	-3.93862
-8.36882	-5.10373	-3.04282	-4.20203	-8.33552	-5.1059	-8.45204	-4.94331	-3.26514	-3.88641
-8.36882	-5.10373	-3.04282	-4.20203	-8.55062	-4.79248	-8.61678	-5.13637	-3.32121	-3.83242
-8.74364	-5.50199	-3.23355	-4.0795	-8.91477	-5.51752	-8.78433	-5.32669	-3.37745	-3.77663
-8.74364	-5.50199	-3.23355	-4.0795	-9.04115	-5.69364	-8.95469	-5.51417	-3.43377	-3.71901
-9.06871	-5.88707	-3.32012	-3.99005	-9.03391	-5.80267	-9.12788	-5.69872	-3.49012	-3.65955
-9.06871	-5.88707	-3.32012	-3.99005	-8.86897	-5.41973	-9.30388	-5.88026	-3.54643	-3.59823
-9.41495	-6.19032	-3.45472	-3.79373	-9.30811	-5.82368	-9.4827	-6.05868	-3.60261	-3.53503
-9.41495	-6.19032	-3.45472	-3.79373	-9.80646	-6.41174	-9.66432	-6.23389	-3.6586	-3.46994
-9.72795	-6.57526	-3.48295	-3.75059	-9.62547	-6.55958	-9.84874	-6.4058	-3.71431	-3.40295
-9.72795	-6.57526	-3.48295	-3.75059	-10.6688	-6.35543	-10.0359	-6.57431	-3.76969	-3.33404
-10.1269	-6.90895	-3.64898	-3.59066	-10.2246	-6.83402	-10.2259	-6.73933	-3.82463	-3.26321
-10.1269	-6.90895	-3.64898	-3.59066	-10.2205	-6.71044	-10.4186	-6.90075	-3.87907	-3.19046
-10.5615	-7.24781	-3.83533	-3.43271	-10.7616	-7.29159	-10.614	-7.05849	-3.93293	-3.11577
-10.5615	-7.24781	-3.83533	-3.43271	-10.8944	-6.83335	-10.8121	-7.21245	-3.98613	-3.03916
-11.0187	-7.55916	-4.03142	-3.24007	-11.2219	-7.56979	-11.0128	-7.36252	-4.03859	-2.96062
-11.0187	-7.55916	-4.03142	-3.24007	-10.986	-7.3707	-11.2161	-7.50862	-4.09021	-2.88015
-11.3618	-7.85623	-4.04501	-3.13757	-11.0934	-7.6776	-11.422	-7.65064	-4.14093	-2.79777
-11.3618	-7.85623	-4.04501	-3.13757	-11.4213	-7.46085	-11.6304	-7.78849	-4.19066	-2.71349
-11.741	-8.09891	-4.11762	-2.9444	-11.5269	-7.8215	-11.8413	-7.92208	-4.23932	-2.6273
-11.741	-8.09891	-4.11762	-2.9444	-11.9422	-7.88317	-12.0546	-8.05131	-4.28682	-2.53924
-12.1657	-8.31645	-4.23801	-2.70623	-12.09	-8.08828	-12.2702	-8.17609	-4.33309	-2.44932
-12.1657	-8.31645	-4.23801	-2.70623	-12.4462	-8.02117	-12.4881	-8.29633	-4.37802	-2.35756
-12.5809	-8.51046	-4.32827	-2.46791	-12.4231	-8.2599	-12.7082	-8.41193	-4.42156	-2.26399
-12.5809	-8.51046	-4.32827	-2.46791	-12.7461	-8.19449	-12.9304	-8.5228	-4.4636	-2.16863
-13.0849	-8.70071	-4.49967	-2.19312	-13.2911	-8.64594	-13.1547	-8.62886	-4.50407	-2.07151
-13.0849	-8.70071	-4.49967	-2.19312	-13.7929	-8.47158	-13.381	-8.73002	-4.54289	-1.97267
-13.5312	-8.83145	-4.58648	-1.89539	-13.384	-8.57583	-13.6092	-8.82619	-4.57997	-1.87214
-13.5312	-8.83145	-4.58648	-1.89539	-13.6376	-8.26344	-13.8392	-8.91729	-4.61524	-1.76997
-13.995	-9.00616	-4.66056	-1.70242	-13.9959	-8.99264	-14.0709	-9.00324	-4.64861	-1.6662
-13.995	-9.00616	-4.66056	-1.70242	-14.4737	-8.79552	-14.3043	-9.08395	-4.68001	-1.56086
-14.4553	-9.17527	-4.71436	-1.53654	-14.4273	-9.1875	-14.5391	-9.15936	-4.70936	-1.45402
-14.4553	-9.17527	-4.71436	-1.53654	-14.5757	-9.32634	-14.7754	-9.22939	-4.73658	-1.34573
-14.9714	-9.23052	-4.82195	-1.16377	-15.062	-9.04396	-15.013	-9.29397	-4.76161	-1.23603
-14.9714	-9.23052	-4.82195	-1.16377	-15.6189	-9.69365	-15.2517	-9.35302	-4.78436	-1.125
-15.4811	-9.39353	-4.88798	-1.04861	-15.6682	-9.56749	-15.4916	-9.40649	-4.80476	-1.01269
-15.4811	-9.39353	-4.88798	-1.04861	-15.9382	-9.35751	-15.7324	-9.45431	-4.82275	-0.899159
-15.9861	-9.51594	-4.93891	-0.892864	-16.0862	-9.59819	-15.9741	-9.49642	-4.83827	-0.784484
-15.9861	-9.51594	-4.93891	-0.892864	-16.6033	-8.85459	-16.2164	-9.53277	-4.85124	-0.668734
-16.4813	-9.52798	-4.97144	-0.564419	-16.4229	-9.37029	-16.4594	-9.5633	-4.8616	-0.55198
-16.4813	-9.52798	-4.97144	-0.564419	-16.011	-9.33486	-16.7027	-9.58797	-4.8693	-0.434301
-17.0071	-9.52341	-5.01198	-0.242421	-17.1132	-9.43043	-16.9464	-9.60673	-4.87427	-0.315773
-17.0071	-9.52341	-5.01198	-0.242421	-16.9255	-10.8571	-17.1903	-9.61954	-4.87646	-0.196479
-17.5131	-9.5475	-5.02351	-0.0377091	-17.5448	-9.57485	-17.4342	-9.62636	-4.87583	-0.0765024
-17.5131	-9.5475	-5.02351	-0.0377091	-18.1371	-9.39146	-17.6781	-9.62717	-4.87232	0.0440703
-18.0106	-9.50343	-5.00974	0.256121	-17.9724	-9.42299	-17.9216	-9.62194	-4.86588	0.165151
-18.0106	-9.50343	-5.00974	0.256121	-18.3083	-9.18778	-18.1648	-9.61064	-4.85648	0.286648
-18.4707	-9.51618	-4.96994	0.37902	-18.2763	-9.60997	-18.4074	-9.59325	-4.84408	0.40847
-18.4707	-9.51618	-4.96994	0.37902	-18.2443	-9.58547	-18.6493	-9.56977	-4.82864	0.530522
-18.9639	-9.48303	-4.95039	0.566238	-18.9545	-9.51544	-18.8904	-9.54017	-4.81012	0.652707
-18.9639	-9.48303	-4.95039	0.566238	-18.6983	-9.02886	-19.1305	-9.50447	-4.78851	0.774927
-19.4318	-9.31308	-4.86606	0.976087	-19.2983	-9.09865	-19.3694	-9.46265	-4.76378	0.897083
-19.4318	-9.31308	-4.86606	0.976087	-19.7037	-8.79906	-19.6069	-9.41472	-4.73591	1.01907
-19.9066	-9.12634	-4.77252	1.35363	-19.8731	-8.96417	-19.8431	-9.36071	-4.70487	1.1408
-19.9066	-9.12634	-4.77252	1.35363	-20.3815	-7.6755	-20.0775	-9.30061	-4.67066	1.26215
-20.3556	-9.1727	-4.7609	1.22589	-20.1607	-9.59663	-20.3102	-9.23446	-4.63328	1.38303
-20.3556	-9.1727	-4.7609	1.22589	-20.4587	-9.7448	-20.5409	-9.16227	-4.59271	1.50334
-20.7979	-8.9962	-4.65635	1.51525	-20.6596	-8.91527	-20.7696	-9.08409	-4.54895	1.62296
-20.7979	-8.9962	-4.65635	1.51525	-21.5568	-8.5005	-20.9959	-8.99994	-4.50202	1.74179
-21.2202	-8.83214	-4.54457	1.73225	-21.0195	-8.85081	-21.2198	-8.90987	-4.45191	1.85972
-21.2202	-8.83214	-4.54457	1.73225	-21.8628	-8.64129	-21.4412	-8.81393	-4.39865	1.97666
-21.6501	-8.712	-4.47299	1.82707	-21.5029	-8.87191	-21.6597	-8.71217	-4.34224	2.0925
-21.6501	-8.712	-4.47299	1.82707	-21.9514	-7.41274	-21.8754	-8.60465	-4.2827	2.20712
-22.0754	-8.53063	-4.37677	2.00532	-21.9793	-8.57089	-22.0881	-8.49143	-4.22007	2.32043
-22.0754	-8.53063	-4.37677	2.00532	-22.1914	-7.70392	-22.2975	-8.37258	-4.15437	2.43232
-22.5229	-8.33413	-4.30723	2.1689	-22.5838	-8.35296	-22.5035	-8.24817	-4.08564	2.5427
-22.5229	-8.33413	-4.30723	2.1689	-22.3177	-8.57758	-22.7061	-8.11829	-4.01391	2.65145
-22.9323	-7.97953	-4.11091	2.57842	-22.9861	-7.6724	-22.9049	-7.98301	-3.93923	2.75848
-22.9323	-7.97953	-4.11091	2.57842	-23.2693	-8.32031	-23.1	-7.84243	-3.86163	2.8637
-23.3542	-7.67745	-3.97737	2.827	-23.4777	-7.56583	-23.2911	-7.69663	-3.78118	2.967
-23.3542	-7.67745	-3.97737	2.827	-23.473	-7.02103	-23.4781	-7.54572	-3.69792	3.06828
-23.7036	-7.36517	-3.77146	3.05995	-23.5408	-7.36069	-23.6609	-7.3898	-3.61191	3.16746
-23.7036	-7.36517	-3.77146	3.05995	-24.0505	-6.56968	-23.8393	-7.22897	-3.52321	3.26445
-24.0604	-7.09996	-3.63587	3.17143	-23.9384	-7.26171	-24.0132	-7.06336	-3.43189	3.35916
-24.0604	-7.09996	-3.63587	3.17143	-24.3577	-5.94086	-24.1825	-6.89307	-3.33801	3.45149
-24.3579	-6.67043	-3.31844	3.51612	-24.2574	-6.4352	-24.347	-6.71823	-3.24166	3.54138
-24.3579	-6.67043	-3.31844	3.51612	-24.788	-7.18367	-24.5066	-6.53896	-3.14289	3.62873
-24.6074	-6.31475	-3.03	3.70032	-24.3008	-6.43799	-24.6612	-6.35538	-3.0418	3.71347
-24.6074	-6.31475	-3.03	3.70032	-24.6108	-6.00878	-24.8107	-6.16764	-2.93846	3.79553
-24.954	-5.95176	-2.90916	3.82968	-25.146	-5.91902	-24.955	-5.97587	-2.83295	3.87484
-24.954	-5.95176	-2.90916	3.82968	-24.8975	-5.02285	-25.094	-5.7802	-2.72537	3.95132
-25.2312	-5.57825	-2.70858	3.95935	-25.1941	-5.64372	-25.2276	-5.58079	-2.61581	4.02492
-25.2312	-5.57825	-2.70858	3.95935	-25.5328	-5.4399	-25.3556	-5.37777	-2.50435	4.09557
-25.5049	-5.16501	-2.50666	4.10777	-25.5713	-5.10241	-25.4779	-5.1713	-2.39109	4.16322
-25.5049	-5.16501	-2.50666	4.10777	-25.0178	-6.55904	-25.5946	-4.96152	-2.27613	4.22781
-25.7438	-4.77841	-2.30682	4.19919	-25.6952	-4.89995	-25.7055	-4.7486	-2.15956	4.2893
-25.7438	-4.77841	-2.30682	4.19919	-25.8162	-4.40681	-25.8105	-4.53268	-2.04149	4.34764
-25.9534	-4.33347	-2.05317	4.33906	-25.9516	-4.26659	-25.9096	-4.31392	-1.92202	4.40279
-25.9534	-4.33347	-2.05317	4.33906	-26.8953	-4.43966	-26.0027	-4.0925	-1.80125	4.45471
-26.1234	-3.84744	-1.74606	4.49768	-26.1198	-3.67723	-26.0897	-3.86856	-1.67928	4.50337
-26.1234	-3.84744	-1.74606	4.49768	-26.5652	-3.85723	-26.1706	-3.64227	-1.55623	4.54875
-26.1949	-3.34415	-1.30307	4.64552	-25.9974	-3.24722	-26.2453	-3.41381	-1.4322	4.59081
-26.1949	-3.34415	-1.30307	4.64552	-26.2976	-3.01078	-26.3138	-3.18332	-1.30729	4.62954
-26.272	-2.86821	-0.950511	4.72234	-26.1741	-2.87885	-26.376	-2.95098	-1.18162	4.66493
-26.272	-2.86821	-0.950511	4.72234	-26.4681	-3.44967	-26.4319	-2.71697	-1.05529	4.69696
-26.4669	-2.47462	-0.920336	4.69694	-26.674	-2.73852	-26.4815	-2.48143	-0.928411	4.72562
-26.4669	-2.47462	-0.920336	4.69694	-26.657	-1.72382	-26.5247	-2.24456	-0.80109	4.75091
-26.5915	-2.03927	-0.761602	4.70681	-26.6691	-2.17333	-26.5616	-2.0065	-0.673434	4.77284
-26.5915	-2.03927	-0.761602	4.70681	-26.3248	-1.32261	-26.5921	-1.76744	-0.545553	4.79141
-26.5959	-1.55302	-0.392157	4.75092	-26.4671	-1.53207	-26.6161	-1.52753	-0.417552	4.80664
-26.5959	-1.55302	-0.392157	4.75092	-26.4998	-2.19526	-26.6338	-1.28695	-0.289538	4.81852
-26.6173	-1.08772	-0.12228	4.75599	-26.5998	-1.14277	-26.6451	-1.04586	-0.161616	4.8271
-26.6173	-1.08772	-0.12228	4.75599	-27.2008	-1.67679	-26.65	-0.804425	-0.0338883	4.83238
-26.6531	-0.613045	0.0728663	4.76119	-26.7355	-0.59539	-26.6485	-0.562811	0.0935412	4.83439
-26.6531	-0.613045	0.0728663	4.76119	-26.9891	0.0351487	-26.6406	-0.321181	0.220572	4.83317
-26.5728	-0.102285	0.457343	4.76632	-26.4553	0.0602653	-26.6264	-0.0796947	0.347104	4.82874
-26.5728	-0.102285	0.457343	4.76632	-26.9537	0.136943	-26.6059	0.161489	0.473041	4.82116
-26.5453	0.403703	0.672777	4.76956	-26.6201	0.57588	-26.5792	0.402213	0.598287	4.81045
-26.5453	0.403703	0.672777	4.76956	-26.8241	0.381506	-26.5462	0.642323	0.722748	4.79667
-26.549	0.906681	0.776401	4.77753	-26.7293	1.06082	-26.5069	0.881666	0.846334	4.77986
-26.549	0.906681	0.776401	4.77753	-25.9562	2.60409	-26.4616	1.12009	0.968955	4.76007
-26.4399	1.38779	1.06066	4.72932	-26.3986	1.42212	-26.4101	1.35745	1.09053	4.73737
-26.4399	1.38779	1.06066	4.72932	-26.5072	-0.563928	-26.3526	1.59361	1.21096	4.71181
-26.3328	1.84743	1.28584	4.66299	-26.3594	1.79315	-26.2891	1.82841	1.33018	4.68345
-26.3328	1.84743	1.28584	4.66299	-26.3475	1.82827	-26.2197	2.06173	1.44811	4.65235
-26.208	2.29059	1.49805	4.57929	-26.2502	2.18481	-26.1444	2.29342	1.56467	4.61859
-26.208	2.29059	1.49805	4.57929	-26.069	2.27896	-26.0633	2.52336	1.67979	4.58223
-26.0539	2.75486	1.71905	4.50954	-26.0641	2.80701	-25.9765	2.75141	1.79339	4.54334
-26.0539	2.75486	1.71905	4.50954	-26.3234	3.02388	-25.8841	2.97746	1.90543	4.502
-25.8673	3.23634	1.95119	4.44804	-25.8345	3.42005	-25.7861	3.20139	2.01582	4.45828
-25.8673	3.23634	1.95119	4.44804	-26.1824	3.73376	-25.6826	3.42306	2.12452	4.41227
-25.661	3.66876	2.1765	4.33594	-25.6666	3.63509	-25.5737	3.64239	2.23146	4.36404
-25.661	3.66876	2.1765	4.33594	-25.5773	3.13316	-25.4596	3.85924	2.3366	4.31367
-25.5242	4.09474	2.23415	4.27273	-25.7492	3.99968	-25.3402	4.07353	2.43989	4.26125
-25.5242	4.09474	2.23415	4.27273	-25.3516	3.75691	-25.2157	4.28514	2.54127	4.20686
-25.2107	4.50353	2.57711	4.09614	-25.0214	4.52803	-25.0863	4.49399	2.64071	4.15058
-25.2107	4.50353	2.57711	4.09614	-24.2719	4.30917	-24.9518	4.69998	2.73817	4.09251
-24.9691	4.90764	2.73823	3.97953	-25.0363	4.88499	-24.8126	4.90303	2.83361	4.03273
-24.9691	4.90764	2.73823	3.97953	-24.3609	4.95947	-24.6686	5.10304	2.92701	3.97132
-24.6371	5.29694	3.01312	3.80092	-24.5041	5.35293	-24.5201	5.29995	3.01833	3.90839
-24.6371	5.29694	3.01312	3.80092	-24.4379	5.24592	-24.367	5.49367	3.10754	3.84401
-24.2634	5.64255	3.30992	3.55879	-24.1159	5.61152	-24.2095	5.68414	3.19464	3.77827
-24.2634	5.64255	3.30992	3.55879	-24.5638	4.75836	-24.0477	5.8713	3.27959	3.71127
-23.9178	5.97886	3.50874	3.35658	-23.9153	5.94377	-23.8818	6.05508	3.36239	3.64309
-23.9178	5.97886	3.50874	3.35658	-23.5491	6.44495	-23.7117	6.23542	3.44302	3.57383
-23.5805	6.30834	3.65415	3.18325	-23.6471	6.29102	-23.5377	6.41227	3.52148	3.50357
-23.5805	6.30834	3.65415	3.18325	-23.7544	6.53746	-23.3598	6.58559	3.59775	3.4324
-23.1766	6.65637	3.85069	3.01434	-23.0099	6.86182	-23.1781	6.75533	3.67185	3.36041
-23.1766	6.65637	3.85069	3.01434	-22.7862	5.74143	-22.9928	6.92146	3.74376	3.28768
-22.7727	6.96756	4.01546	2.82563	-22.6991	7.063	-22.804	7.08393	3.8135	3.21431
-22.7727	6.96756	4.01546	2.82563	-22.418	6.76159	-22.6117	7.24273	3.88106	3.14038
-22.4044	7.26942	4.09965	2.68643	-22.5083	7.31524	-22.4161	7.39782	3.94647	3.06598
-22.4044	7.26942	4.09965	2.68643	-22.0543	7.85452	-22.2173	7.54917	4.00974	2.99118
-22.0489	7.58632	4.13788	2.61049	-22.1947	7.69478	-22.0154	7.69679	4.07087	2.91607
-22.0489	7.58632	4.13788	2.61049	-21.6178	9.0351	-21.8105	7.84064	4.12989	2.84074
-21.6416	7.86527	4.23442	2.46302	-21.6473	7.94	-21.6026	7.98072	4.18681	2.76526
-21.6416	7.86527	4.23442	2.46302	-21.8637	7.78661	-21.392	8.11703	4.24166	2.68971
-21.1644	8.01965	4.42327	2.09365	-21.0853	7.83229	-21.1787	8.24957	4.29447	2.61417
-21.1644	8.01965	4.42327	2.09365	-20.5503	9.28616	-20.9628	8.37833	4.34526	2.53871
-20.809	8.32253	4.39457	2.10525	-21.0519	8.50983	-20.7444	8.50333	4.39406	2.46341
-20.809	8.32253	4.39457	2.10525	-19.9265	9.40847	-20.5237	8.62457	4.4409	2.38835
-20.3458	8.55802	4.49716	1.95331	-20.21	8.68914	-20.3006	8.74206	4.48582	2.31358
-20.3458	8.55802	4.49716	1.95331	-20.2277	8.8532	-20.0753	8.85583	4.52884	2.23919
-19.9348	8.79021	4.52122	1.85914	-20.0633	8.86724	-19.848	8.96589	4.57001	2.16524
-19.9348	8.79021	4.52122	1.85914	-19.9264	8.78179	-19.6186	9.07227	4.60937	2.09179
-19.4807	8.96689	4.59367	1.66965	-19.4861	8.96665	-19.3873	9.17499	4.64694	2.01891
-19.4807	8.96689	4.59367	1.66965	-18.5719	10.2069	-19.1542	9.27409	4.68278	1.94666
-18.9582	9.12255	4.72105	1.44109	-18.6786	9.19191	-18.9193	9.36959	4.71692	1.8751
-18.9582	9.12255	4.72105	1.44109	-19.2825	8.98189	-18.6827	9.46154	4.7494	1.80429
-18.485	9.31613	4.76655	1.34956	-18.4242	9.46852	-18.4446	9.54996	4.78028	1.73429
-18.485	9.31613	4.76655	1.34956	-18.1634	8.72444	-18.2049	9.63492	4.80959	1.66514
-17.9796	9.51432	4.83041	1.28084	-17.7736	9.72478	-17.9639	9.71643	4.83737	1.59691
-17.9796	9.51432	4.83041	1.28084	-17.2296	9.97767	-17.7214	9.79457	4.86368	1.52964
-17.4805	9.70144	4.87692	1.22104	-17.3436	9.88109	-17.4777	9.86936	4.88856	1.46338
-17.4805	9.70144	4.87692	1.22104	-17.1554	10.212	-17.2328	9.94087	4.91205	1.39818
-16.989	9.91234	4.90024	1.2339	-16.8876	10.145	-16.9868	10.0091	4.93421	1.33408
-16.989	9.91234	4.90024	1.2339	-16.5958	10.1078	-16.7396	10.0743	4.95507	1.27113
-16.5137	10.1168	4.90185	1.25442	-16.5153	10.3091	-16.4915	10.1362	4.97469	1.20937
-16.5137	10.1168	4.90185	1.25442	-16.09	10.5824	-16.2424	10.1952	4.99311	1.14883
-16.0172	10.2184	4.94352	1.08196	-16.006	10.1843	-15.9924	10.2511	5.01039	1.08956
-16.0172	10.2184	4.94352	1.08196	-15.7234	10.41	-15.7416	10.3041	5.02655	1.03159
-15.5247	10.2805	4.97556	0.865077	-15.5699	10.1904	-15.4899	10.3543	5.04166	0.974957
-15.5247	10.2805	4.97556	0.865077	-14.2385	10.9109	-15.2376	10.4016	5.05576	0.919692
-15.0154	10.3918	5.00626	0.773394	-14.9365	10.4722	-14.9846	10.4462	5.06889	0.865828
-15.0154	10.3918	5.00626	0.773394	-14.724	9.63507	-14.7309	10.4882	5.0811	0.813394
-14.4881	10.3814	5.05373	0.462826	-14.4088	10.222	-14.4766	10.5276	5.09243	0.762418
-14.4881	10.3814	5.05373	0.462826	-13.9005	10.5238	-14.2218	10.5645	5.10293	0.712926
-13.9684	10.5811	5.07282	0.613707	-13.8049	10.9383	-13.9665	10.5989	5.11263	0.664944
-13.9684	10.5811	5.07282	0.613707	-13.3956	10.7857	-13.7107	10.631	5.12159	0.618496
-13.4412	10.6058	5.10614	0.41714	-13.3556	10.5517	-13.4545	10.6608	5.12983	0.573603
-13.4412	10.6058	5.10614	0.41714	-12.9374	10.8137	-13.1979	10.6884	5.13741	0.530288
-12.9438	10.7612	5.09804	0.518967	-12.9591	11.0099	-12.9409	10.7138	5.14436	0.48857
-12.9438	10.7612	5.09804	0.518967	-12.2518	11.2495	-12.6836	10.7373	5.15071	0.448467
-12.4195	10.7413	5.12364	0.269987	-12.3713	10.6091	-12.426	10.7587	5.15651	0.409997
-12.4195	10.7413	5.12364	0.269987	-11.9352	10.9161	-12.1681	10.7783	5.16179	0.373177
-11.9187	10.8572	5.11758	0.331367	-11.9451	11.0515	-11.91	10.7961	5.16658	0.338022
-11.9187	10.8572	5.11758	0.331367	-10.9703	10.9676	-11.6516	10.8121	5.17092	0.304546
-11.4158	10.9038	5.11545	0.259667	-11.4548	10.9407	-11.393	10.8265	5.17484	0.272761
-11.4158	10.9038	5.11545	0.259667	-11.3472	10.5111	-11.1342	10.8394	5.17836	0.242681
-10.852	10.8409	5.16324	-0.019737	-10.6009	10.6823	-10.8753	10.8509	5.18153	0.214317
-10.852	10.8409	5.16324	-0.019737	-10.6563	10.8369	-10.6161	10.8609	5.18435	0.187679
-10.3493	10.8473	5.15119	-0.113649	-10.4142	10.8747	-10.3569	10.8697	5.18687	0.162776
-10.3493	10.8473	5.15119	-0.113649	-9.90413	11.2255	-10.0976	10.8772	5.1891	0.139618
-9.83642	10.9197	5.15248	-0.0557995	-9.83445	11.1032	-9.83809	10.8837	5.19106	0.118212
-9.83642	10.9197	5.15248	-0.0557995	-10.195	10.3498	-9.57852	10.8891	5.19278	0.0985664
-9.31981	10.9503	5.15423	-0.0770889	-9.3066	11.0348	-9.31887	10.8936	5.19428	0.0806865
-9.31981	10.9503	5.15423	-0.0770889	-9.2226	10.3527	-9.05915	10.8972	5.19557	0.0645787
-8.80267	10.9815	5.15601	-0.0855402	-8.78899	11.0707	-8.79937	10.9001	5.19667	0.050248
-8.80267	10.9815	5.15601	-0.0855402	-8.83914	10.0319	-8.53953	10.9023	5.19759	0.0376992
-8.34107	10.8664	5.09746	-0.372655	-8.62045	10.6577	-8.27965	10.9039	5.19835	0.0269359
-8.34107	10.8664	5.09746	-0.372655	-7.91543	11.1157	-8.01974	10.905	5.19896	0.0179617
-7.78147	10.8828	5.14109	-0.363251	-7.51971	11.0005	-7.75979	10.9057	5.19942	0.0107791
-7.78147	10.8828	5.14109	-0.363251	-7.25987	10.6458	-7.49981	10.9061	5.19975	0.00539029
-7.25038	10.8336	5.14807	-0.474081	-7.15631	10.815	-7.23983	10.9063	5.19994	0.00179692
