0.312243	0.58034	0	0	0.312243	0.58034	0.6	0.6	5.19994	0
0.735408	0.629539	7.20213	2.11346e-16	0.862916	0.534212	0.859997	0.600045	5.19975	0.00179686
0.735408	0.629539	7.20213	2.11346e-16	1.17385	0.481073	1.11998	0.600225	5.19943	0.00538996
0.791066	0.510992	7.15635	-0.621291	0.969149	0.397513	1.37996	0.600629	5.19898	0.0107781
0.791066	0.510992	7.15635	-0.621291	1.65063	0.62469	1.6399	0.601347	5.19839	0.0179597
1.53244	0.46438	6.46712	-1.64482	1.62331	0.499091	1.89982	0.60247	5.19766	0.0269323
1.53244	0.46438	6.46712	-1.64482	2.18882	0.648739	2.1597	0.604086	5.19678	0.0376932
2.14335	0.538224	5.75232	-0.356476	1.96701	0.557117	2.41954	0.606284	5.19573	0.0502389
2.14335	0.538224	5.75232	-0.356476	2.65526	0.66598	2.67932	0.609155	5.1945	0.0645654
2.73022	0.56013	5.59197	-0.383766	2.92034	0.645898	2.93904	0.612786	5.19309	0.080668
2.73022	0.56013	5.59197	-0.383766	3.01222	0.637046	3.19869	0.617267	5.19147	0.0985415
3.33128	0.472282	5.5184	-1.01323	3.56096	0.485311	3.45825	0.622685	5.18963	0.11818
3.33128	0.472282	5.5184	-1.01323	3.89365	0.311793	3.71772	0.62913	5.18754	0.139576
3.93875	0.534236	5.537	-0.404459	4.19786	0.698311	3.97708	0.636689	5.18519	0.162724
3.93875	0.534236	5.537	-0.404459	4.30935	0.578564	4.23632	0.645449	5.18256	0.187614
4.48571	0.579501	5.44736	-0.133351	4.61908	0.68951	4.49542	0.655498	5.17962	0.214238
4.48571	0.579501	5.44736	-0.133351	4.35143	0.899174	4.75437	0.666921	5.17634	0.242587
5.0177	0.599114	5.33068	-0.0726227	5.20901	0.66599	5.01315	0.679804	5.1727	0.272649
5.0177	0.599114	5.33068	-0.0726227	5.51894	0.648233	5.27175	0.694234	5.16867	0.304413
5.51315	0.629449	5.33404	0.074129	5.22834	0.639362	5.53013	0.710295	5.16422	0.337868
5.51315	0.629449	5.33404	0.074129	6.022	0.708619	5.78828	0.728072	5.15932	0.372999
6.008	0.514906	5.25493	-0.344776	5.89392	0.373584	6.04618	0.747647	5.15393	0.409793
6.008	0.514906	5.25493	-0.344776	6.34249	0.948833	6.30379	0.769103	5.14803	0.448233
6.52779	0.620805	5.20887	0.0254567	6.62134	0.836138	6.5611	0.792523	5.14157	0.488305
6.52779	0.620805	5.20887	0.0254567	6.78214	0.714036	6.81808	0.817988	5.13452	0.52999
7.04348	0.617331	5.11885	-0.00962695	7.29121	0.630741	7.07469	0.845578	5.12685	0.573269
7.04348	0.617331	5.11885	-0.00962695	7.13735	0.957217	7.3309	0.875373	5.11851	0.618123
7.62831	0.684267	5.21335	0.179512	8.08349	0.819605	7.58668	0.907449	5.10946	0.664531
7.62831	0.684267	5.21335	0.179512	7.80533	0.719126	7.84199	0.941886	5.09966	0.712469
8.14627	0.761436	5.12624	0.341958	8.40453	0.884557	8.0968	0.978759	5.08907	0.761915
8.14627	0.761436	5.12624	0.341958	8.24796	0.840322	8.35106	1.01814	5.07766	0.812843
8.65543	1.01276	5.1213	0.934603	8.45858	1.41118	8.60472	1.06011	5.06537	0.865226
8.65543	1.01276	5.1213	0.934603	8.74615	1.04858	8.85775	1.10473	5.05216	0.919037
9.23873	1.10398	5.16151	1.01974	9.8809	1.1419	9.1101	1.15208	5.03798	0.974245
9.23873	1.10398	5.16151	1.01974	9.25579	1.04913	9.36172	1.20223	5.0228	1.03082
9.78456	1.29573	5.13681	1.32283	10.1016	1.52474	9.61255	1.25524	5.00656	1.08873
9.78456	1.29573	5.13681	1.32283	10.0484	1.44598	9.86254	1.31118	4.98922	1.14794
10.2826	1.53808	4.9616	1.70681	10.5377	1.72555	10.1117	1.37011	4.97074	1.20841
10.2826	1.53808	4.9616	1.70681	10.2492	1.45907	10.3598	1.4321	4.95106	1.2701
10.7482	1.74994	4.76059	1.98262	10.9084	1.70343	10.6069	1.49721	4.93014	1.33298
10.7482	1.74994	4.76059	1.98262	10.7313	1.45265	10.853	1.56549	4.90794	1.39701
11.2754	1.78346	4.85258	1.77367	11.4783	1.42876	11.0979	1.637	4.8844	1.46213
11.2754	1.78346	4.85258	1.77367	11.587	1.61462	11.3416	1.71179	4.85948	1.52832
11.733	1.86242	4.80174	1.70849	11.4763	1.53917	11.584	1.78992	4.83313	1.59551
11.733	1.86242	4.80174	1.70849	11.7788	1.74591	11.8251	1.87144	4.80531	1.66366
12.218	2.05951	4.81298	1.84778	12.136	2.14937	12.0647	1.95639	4.77598	1.73273
12.218	2.05951	4.81298	1.84778	12.3226	1.78353	12.3029	2.04482	4.74508	1.80265
12.7198	2.10637	4.89924	1.63605	12.5457	1.77728	12.5394	2.13677	4.71257	1.87338
12.7198	2.10637	4.89924	1.63605	12.5924	2.17509	12.7743	2.23227	4.67842	1.94485
13.217	2.37221	4.91322	1.88955	13.2198	2.6644	13.0075	2.33137	4.64258	2.01701
13.217	2.37221	4.91322	1.88955	13.0875	2.40708	13.2388	2.43409	4.605	2.08981
13.5376	2.80799	4.49923	2.52858	12.7087	3.12439	13.4682	2.54047	4.56565	2.16317
13.5376	2.80799	4.49923	2.52858	13.836	2.62479	13.6955	2.65053	4.52448	2.23703
13.9741	2.99142	4.44259	2.54905	13.8302	2.73893	13.9208	2.7643	4.48147	2.31134
13.9741	2.99142	4.44259	2.54905	14.2106	2.94205	14.1439	2.88179	4.43656	2.38601
14.4785	3.1037	4.58546	2.3393	14.5568	2.87021	14.3646	3.00303	4.38974	2.46099
14.4785	3.1037	4.58546	2.3393	14.4616	2.90734	14.583	3.12802	4.34097	2.5362
14.8987	3.49455	4.48457	2.68597	14.6754	3.96041	14.7989	3.25679	4.29021	2.61157
14.8987	3.49455	4.48457	2.68597	15.0261	3.5067	15.0122	3.38932	4.23744	2.68703
15.3046	3.88358	4.25903	3.03489	15.3685	4.14761	15.2228	3.52563	4.18263	2.76249
15.3046	3.88358	4.25903	3.03489	15.5236	3.82936	15.4306	3.66572	4.12575	2.83789
15.7544	4.01206	4.28098	2.8733	15.7234	3.4105	15.6355	3.80957	4.06678	2.91315
15.7544	4.01206	4.28098	2.8733	15.9774	4.00094	15.8375	3.95719	4.00571	2.98817
16.1603	4.31122	4.09138	3.05621	16.3376	4.21632	16.0363	4.10854	3.94251	3.0629
16.1603	4.31122	4.09138	3.05621	16.3313	4.44499	16.2319	4.26363	3.87716	3.13723
16.593	4.57587	4.05849	3.09557	16.7586	4.48231	16.4242	4.42242	3.80966	3.21109
16.593	4.57587	4.05849	3.09557	16.6039	4.67344	16.613	4.5849	3.74	3.28438
16.9016	5.01332	3.61217	3.52541	16.9236	5.10119	16.7983	4.75103	3.66817	3.35704
16.9016	5.01332	3.61217	3.52541	16.9955	5.21099	16.9799	4.92077	3.59416	3.42897
17.2758	5.24121	3.5017	3.53418	17.3421	4.64623	17.1579	5.09409	3.51797	3.50008
17.2758	5.24121	3.5017	3.53418	17.2894	5.43542	17.3319	5.27094	3.4396	3.57028
17.629	5.4614	3.35375	3.55002	17.6463	4.74597	17.5019	5.45128	3.35907	3.63949
17.629	5.4614	3.35375	3.55002	17.7853	5.62476	17.6679	5.63506	3.27637	3.70762
17.9108	5.89945	3.026	3.84205	17.9216	6.07151	17.8297	5.82221	3.19151	3.77458
17.9108	5.89945	3.026	3.84205	18.1263	6.16985	17.9872	6.01269	3.10453	3.84027
18.1913	6.36395	2.82791	4.04927	18.1245	6.79027	18.1402	6.20641	3.01542	3.90462
18.1913	6.36395	2.82791	4.04927	18.2164	6.66138	18.2888	6.40332	2.92421	3.96753
18.4468	6.81838	2.58809	4.23245	18.4022	7.02231	18.4328	6.60333	2.83093	4.0289
18.4468	6.81838	2.58809	4.23245	18.5422	6.76013	18.572	6.80638	2.7356	4.08867
18.7449	7.206	2.56383	4.25102	18.8089	7.24388	18.7064	7.01237	2.63825	4.14672
18.7449	7.206	2.56383	4.25102	19.1441	7.18344	18.8359	7.22122	2.53893	4.20299
18.9165	7.64101	2.20195	4.41176	18.5479	7.4012	18.9604	7.43283	2.43767	4.25737
18.9165	7.64101	2.20195	4.41176	19.0138	7.8688	19.0798	7.64712	2.3345	4.3098
19.1807	7.9997	2.14631	4.39939	19.3089	7.67375	19.1939	7.86397	2.22949	4.36017
19.1807	7.9997	2.14631	4.39939	19.132	8.12845	19.3028	8.08329	2.12266	4.40842
19.3728	8.40725	2.02774	4.43249	19.0239	8.17194	19.4062	8.30497	2.01409	4.45445
19.3728	8.40725	2.02774	4.43249	19.347	8.30741	19.5042	8.5289	1.90381	4.49819
19.578	8.78571	1.83105	4.4649	19.6843	8.35902	19.5966	8.75494	1.7919	4.53956
19.578	8.78571	1.83105	4.4649	20.0039	8.8906	19.6835	8.983	1.67841	4.57848
19.7105	9.28363	1.53005	4.59777	19.6061	9.48659	19.7645	9.21294	1.56341	4.61488
19.7105	9.28363	1.53005	4.59777	20.1574	9.45949	19.8398	9.44463	1.44697	4.64869
19.7972	9.77243	1.16341	4.70743	19.6163	9.76606	19.9093	9.67795	1.32916	4.67984
19.7972	9.77243	1.16341	4.70743	20.1573	9.90876	19.9728	9.91275	1.21005	4.70826
19.8368	10.4197	0.964008	4.8677	19.1911	11.5493	20.0303	10.1489	1.08972	4.73389
19.8368	10.4197	0.964008	4.8677	20.166	10.4687	20.0818	10.3863	0.968259	4.75666
19.873	10.9125	0.616603	4.9189	19.6775	10.803	20.1271	10.6247	0.845742	4.77652
19.873	10.9125	0.616603	4.9189	20.371	11.0109	20.1663	10.864	0.722256	4.7934
19.8752	11.5277	0.398599	5.02257	19.4335	12.3402	20.1993	11.1041	0.597892	4.80727
19.8752	11.5277	0.398599	5.02257	20.3164	11.3483	20.2261	11.3449	0.472738	4.81807
19.7547	12.0978	-0.227049	5.06832	19.2063	12.2418	20.2466	11.5861	0.346889	4.82575
19.7547	12.0978	-0.227049	5.06832	20.6141	11.9422	20.2608	11.8275	0.220439	4.83027
19.8397	12.4893	-0.0965652	4.98206	19.966	11.9688	20.2687	12.0692	0.093487	4.83159
19.8397	12.4893	-0.0965652	4.98206	20.3263	12.4966	20.2701	12.3108	-0.0338694	4.82968
19.8105	12.92	-0.474208	4.90932	20.0192	12.4823	20.2652	12.5522	-0.161529	4.82451
19.8105	12.92	-0.474208	4.90932	20.498	12.8924	20.254	12.7933	-0.28939	4.81605
19.908	13.2466	-0.556566	4.78522	20.9151	12.2555	20.2363	13.0339	-0.417348	4.80428
19.908	13.2466	-0.556566	4.78522	20.1943	13.1688	20.2122	13.2738	-0.545298	4.78918
19.8529	13.701	-0.751954	4.74276	19.858	13.5236	20.1818	13.5129	-0.673135	4.77072
19.8529	13.701	-0.751954	4.74276	20.3245	13.8896	20.1449	13.7509	-0.800753	4.74892
19.8284	14.0839	-0.980127	4.63437	20.3387	13.5307	20.1017	13.9878	-0.928043	4.72374
19.8284	14.0839	-0.980127	4.63437	20.1216	14.337	20.0521	14.2233	-1.0549	4.69521
19.7148	14.5301	-1.22126	4.5671	19.6717	14.4038	19.9962	14.4573	-1.18121	4.66331
19.7148	14.5301	-1.22126	4.5671	19.781	14.773	19.934	14.6897	-1.30687	4.62805
19.6696	14.8669	-1.32394	4.44359	20.1149	14.0165	19.8655	14.9202	-1.43177	4.58944
19.6696	14.8669	-1.32394	4.44359	20.0208	15.2053	19.7908	15.1486	-1.55581	4.54751
19.5096	15.277	-1.85692	4.23412	20.0157	15.3443	19.7099	15.3749	-1.67887	4.50226
19.5096	15.277	-1.85692	4.23412	19.9131	15.554	19.6229	15.5989	-1.80085	4.45372
19.4113	15.6138	-1.98263	4.09127	19.9388	15.0864	19.5298	15.8203	-1.92164	4.40193
19.4113	15.6138	-1.98263	4.09127	19.4748	16.0098	19.4307	16.039	-2.04114	4.3469
19.2264	16.0214	-2.10354	4.01845	19.1556	16.0022	19.3257	16.2549	-2.15925	4.28868
19.2264	16.0214	-2.10354	4.01845	19.238	16.2719	19.2148	16.4679	-2.27586	4.22731
19.0478	16.3928	-2.30847	3.87725	19.4007	16.2962	19.0981	16.6777	-2.39087	4.16284
19.0478	16.3928	-2.30847	3.87725	19.0029	16.8387	18.9757	16.8841	-2.50418	4.0953
18.7575	16.8449	-2.75421	3.66483	18.8373	17.7112	18.8477	17.0872	-2.61571	4.02476
18.7575	16.8449	-2.75421	3.66483	18.6148	17.3832	18.7142	17.2866	-2.72534	3.95127
18.581	17.1952	-2.67319	3.6413	18.8177	17.0316	18.5752	17.4822	-2.83299	3.87489
18.581	17.1952	-2.67319	3.6413	18.1023	17.5529	18.4309	17.674	-2.93858	3.79568
18.318	17.5611	-2.77095	3.56505	18.2749	17.4877	18.2814	17.8617	-3.042	3.71372
18.318	17.5611	-2.77095	3.56505	18.2094	18.0461	18.1268	18.0453	-3.14318	3.62906
18.0484	17.84	-3.0156	3.30024	18.3021	17.498	17.9671	18.2246	-3.24204	3.5418
18.0484	17.84	-3.0156	3.30024	17.9018	18.2183	17.8026	18.3994	-3.3385	3.45199
17.8719	18.1452	-3.06223	3.17923	18.8558	18.1364	17.6334	18.5697	-3.43247	3.35973
17.8719	18.1452	-3.06223	3.17923	17.3845	18.7039	17.4595	18.7353	-3.5239	3.26509
17.5781	18.4017	-3.2493	2.93693	17.7945	18.0801	17.281	18.8962	-3.61271	3.16817
17.5781	18.4017	-3.2493	2.93693	17.1762	18.8863	17.0983	19.0521	-3.69883	3.06904
17.2089	18.8013	-3.42363	2.85487	16.9398	19.7311	16.9113	19.203	-3.78221	2.9678
17.2089	18.8013	-3.42363	2.85487	16.5734	19.052	16.7201	19.3488	-3.86278	2.86455
16.7628	19.1976	-3.68995	2.69507	16.1674	20.2201	16.5251	19.4894	-3.9405	2.75938
16.7628	19.1976	-3.68995	2.69507	16.2338	19.6171	16.3262	19.6246	-4.01531	2.65237
16.399	19.3147	-3.8596	2.30359	16.4366	18.2742	16.1237	19.7545	-4.08716	2.54364
16.399	19.3147	-3.8596	2.30359	15.9243	19.8703	15.9176	19.8789	-4.15602	2.43329
16.0668	19.5183	-3.85847	2.18976	16.2328	19.2166	15.7082	19.9978	-4.22185	2.32141
16.0668	19.5183	-3.85847	2.18976	15.4332	20.1836	15.4956	20.111	-4.28461	2.2081
15.5186	19.9276	-4.07699	2.14505	14.3677	21.3406	15.2799	20.2185	-4.34427	2.09347
15.5186	19.9276	-4.07699	2.14505	15.2016	20.4385	15.0613	20.3203	-4.4008	1.97763
15.0672	20.1116	-4.21361	1.89023	14.7476	19.9571	14.84	20.4162	-4.4542	1.86068
15.0672	20.1116	-4.21361	1.89023	14.6665	20.6088	14.6161	20.5063	-4.50443	1.74272
14.5359	20.3697	-4.40824	1.67036	13.841	21.0031	14.3897	20.5904	-4.55149	1.62386
14.5359	20.3697	-4.40824	1.67036	14.0521	20.5924	14.1611	20.6686	-4.59537	1.50421
14.0503	20.555	-4.54237	1.40425	13.8232	20.859	13.9304	20.7408	-4.63606	1.38386
14.0503	20.555	-4.54237	1.40425	13.4686	20.7253	13.6977	20.807	-4.67357	1.26294
13.6124	20.6221	-4.63524	0.971527	13.8263	20.4261	13.4632	20.8671	-4.70789	1.14153
13.6124	20.6221	-4.63524	0.971527	13.1072	20.8294	13.2271	20.9211	-4.73904	1.01975
13.1543	20.757	-4.6869	0.747722	13.2669	21.1579	12.9895	20.969	-4.76702	0.897694
13.1543	20.757	-4.6869	0.747722	12.8729	21.0592	12.7506	21.0108	-4.79186	0.775469
12.5324	20.9327	-4.84823	0.52308	11.5171	21.6724	12.5106	21.0465	-4.81358	0.653175
12.5324	20.9327	-4.84823	0.52308	12.2062	21.11	12.2695	21.0761	-4.83219	0.530912
12.0816	20.9785	-4.85299	0.236176	12.3859	21.1066	12.0276	21.0996	-4.84773	0.408778
12.0816	20.9785	-4.85299	0.236176	11.6814	20.8651	11.785	21.117	-4.86022	0.286869
11.5968	20.9529	-4.84829	-0.0970614	11.5265	20.6748	11.5418	21.1283	-4.86971	0.165281
11.5968	20.9529	-4.84829	-0.0970614	11.363	21.0688	11.2982	21.1335	-4.87623	0.0441057
11.0556	20.8986	-4.85944	-0.435265	10.5558	20.5567	11.0544	21.1327	-4.87982	-0.076565
11.0556	20.8986	-4.85944	-0.435265	10.8903	20.927	10.8105	21.1259	-4.88053	-0.196643
10.4031	20.9651	-4.96506	-0.489022	9.30535	21.3896	10.5666	21.1131	-4.8784	-0.31604
10.4031	20.9651	-4.96506	-0.489022	10.189	21.209	10.3229	21.0943	-4.87349	-0.434674
9.90232	20.9523	-4.95462	-0.673792	9.97958	21.2932	10.0795	21.0697	-4.86585	-0.552463
9.90232	20.9523	-4.95462	-0.673792	9.99634	20.9797	9.83658	21.0391	-4.85554	-0.669327
9.38429	20.9449	-4.96152	-0.683906	9.38223	21.111	9.59422	21.0028	-4.84262	-0.785189
9.38429	20.9449	-4.96152	-0.683906	9.53921	20.8762	9.35258	20.9607	-4.82714	-0.899977
8.98549	20.8542	-4.85764	-0.919455	9.63392	20.9724	9.11177	20.9128	-4.80919	-1.01362
8.98549	20.8542	-4.85764	-0.919455	8.70331	20.8221	8.87192	20.8594	-4.78881	-1.12605
8.70964	20.6383	-4.62875	-1.23237	9.84634	20.009	8.63315	20.8003	-4.76608	-1.2372
8.70964	20.6383	-4.62875	-1.23237	8.22277	20.4839	8.39557	20.7358	-4.74108	-1.34701
8.25641	20.491	-4.55223	-1.50873	8.29647	20.4978	8.1593	20.6657	-4.71387	-1.45542
8.25641	20.491	-4.55223	-1.50873	7.88599	20.45	7.92445	20.5903	-4.68453	-1.56237
7.86299	20.3319	-4.41645	-1.81835	8.29081	20.6565	7.69111	20.5096	-4.65313	-1.66781
7.86299	20.3319	-4.41645	-1.81835	7.18029	20.392	7.45939	20.4237	-4.61975	-1.7717
7.37925	20.1501	-4.35475	-2.03007	7.09214	20.1196	7.22939	20.3326	-4.58448	-1.87399
7.37925	20.1501	-4.35475	-2.03007	6.81542	20.1859	7.00119	20.2364	-4.54738	-1.97462
6.93283	19.9719	-4.28195	-2.1811	6.89359	20.1536	6.7749	20.1352	-4.50854	-2.07357
6.93283	19.9719	-4.28195	-2.1811	6.38914	20.0137	6.55059	20.0292	-4.46805	-2.17079
6.51845	19.7937	-4.1896	-2.33064	6.67637	20.2142	6.32834	19.9183	-4.42598	-2.26625
6.51845	19.7937	-4.1896	-2.33064	5.86119	19.8306	6.10823	19.8027	-4.38241	-2.35993
5.9869	19.5463	-4.13527	-2.62851	5.28178	19.5036	5.89034	19.6824	-4.33744	-2.45178
5.9869	19.5463	-4.13527	-2.62851	5.69089	19.5755	5.67472	19.5577	-4.29114	-2.5418
5.65222	19.2362	-3.91427	-2.86533	5.9506	18.9859	5.46145	19.4284	-4.24359	-2.62995
5.65222	19.2362	-3.91427	-2.86533	5.17021	19.4397	5.25059	19.2948	-4.19488	-2.71622
5.34353	18.997	-3.77156	-2.88972	5.87397	19.301	5.04219	19.157	-4.1451	-2.80059
5.34353	18.997	-3.77156	-2.88972	4.89149	18.982	4.8363	19.015	-4.09432	-2.88305
4.7951	18.7543	-3.80905	-3.05272	3.98679	19.0452	4.63297	18.8689	-4.04263	-2.96359
4.7951	18.7543	-3.80905	-3.05272	4.4685	18.834	4.43224	18.7188	-3.99012	-3.0422
4.44606	18.4665	-3.7085	-3.10028	4.69245	18.4634	4.23416	18.5648	-3.93685	-3.11888
4.44606	18.4665	-3.7085	-3.10028	4.26269	18.481	4.03876	18.4071	-3.88293	-3.19362
3.98367	18.1838	-3.5841	-3.4071	3.42434	18.8357	3.84606	18.2457	-3.82841	-3.26644
3.98367	18.1838	-3.5841	-3.4071	3.45919	18.167	3.65611	18.0807	-3.77339	-3.33732
3.72977	17.8635	-3.40175	-3.43412	4.3011	17.9267	3.46891	17.9122	-3.71795	-3.40627
3.72977	17.8635	-3.40175	-3.43412	3.12525	17.7493	3.28449	17.7402	-3.66215	-3.47331
3.25851	17.5472	-3.35564	-3.64075	2.65664	17.888	3.10287	17.565	-3.60609	-3.53844
3.25851	17.5472	-3.35564	-3.64075	2.9449	17.8154	2.92405	17.3866	-3.54982	-3.60167
3.02815	17.1303	-2.97911	-3.93114	3.26647	17.0897	2.74805	17.2051	-3.49344	-3.66302
3.02815	17.1303	-2.97911	-3.93114	2.55407	17.0853	2.57486	17.0205	-3.437	-3.72251
2.68121	16.7951	-2.96224	-3.876	2.55039	16.8884	2.4045	16.833	-3.38059	-3.78014
2.68121	16.7951	-2.96224	-3.876	2.25371	16.8334	2.23695	16.6427	-3.32428	-3.83595
2.19922	16.4221	-3.1079	-3.86553	1.57735	16.0489	2.07221	16.4497	-3.26812	-3.88995
2.19922	16.4221	-3.1079	-3.86553	1.88972	16.1054	1.91027	16.254	-3.21219	-3.94216
1.82284	16.0815	-3.14649	-3.84369	1.74362	16.2687	1.75112	16.0557	-3.15656	-3.99261
1.82284	16.0815	-3.14649	-3.84369	1.44745	16.0853	1.59474	15.8549	-3.10129	-4.04132
1.60282	15.6365	-2.77485	-4.12359	1.6097	15.5526	1.44111	15.6517	-3.04644	-4.08832
1.60282	15.6365	-2.77485	-4.12359	1.18395	15.4284	1.29021	15.4463	-2.99207	-4.13364
1.20169	15.2709	-2.82662	-4.14964	0.828993	15.528	1.14201	15.2386	-2.93825	-4.1773
1.20169	15.2709	-2.82662	-4.14964	0.722706	15.0075	0.996486	15.0288	-2.88503	-4.21933
0.907188	14.9101	-2.81091	-4.10919	1.03147	15.2134	0.853604	14.8169	-2.83246	-4.25977
0.907188	14.9101	-2.81091	-4.10919	0.737301	14.7047	0.71333	14.603	-2.78061	-4.29864
0.706172	14.4399	-2.46425	-4.34329	0.722177	14.2445	0.575628	14.3872	-2.72952	-4.33598
0.706172	14.4399	-2.46425	-4.34329	0.253435	14.2029	0.440459	14.1696	-2.67925	-4.37181
0.381574	13.9688	-2.27532	-4.59125	-0.0328023	13.9604	0.307779	13.9502	-2.62984	-4.40617
0.381574	13.9688	-2.27532	-4.59125	0.459172	13.6856	0.177545	13.7292	-2.58135	-4.43909
0.152012	13.4993	-2.01094	-4.76384	0.0524412	13.6377	0.0497099	13.5065	-2.53381	-4.47061
0.152012	13.4993	-2.01094	-4.76384	-0.190344	13.2856	-0.0757753	13.2823	-2.48728	-4.50075
-0.1209	13.0573	-1.99939	-4.75311	-0.275043	13.1456	-0.198962	13.0566	-2.44179	-4.52955
-0.1209	13.0573	-1.99939	-4.75311	0.0462308	12.9301	-0.319903	12.8295	-2.39739	-4.55704
-0.449905	12.5905	-2.13526	-4.72146	-0.684792	12.3563	-0.438654	12.6011	-2.35412	-4.58326
-0.449905	12.5905	-2.13526	-4.72146	-0.476482	12.3633	-0.555273	12.3714	-2.31202	-4.60823
-0.77036	12.1678	-2.24201	-4.69106	-0.972122	12.5207	-0.669818	12.1404	-2.27111	-4.63198
-0.77036	12.1678	-2.24201	-4.69106	-0.582624	12.0386	-0.78235	11.9083	-2.23144	-4.65456
-1.07178	11.697	-2.27011	-4.72715	-1.26757	11.6495	-0.892931	11.6751	-2.19304	-4.67598
-1.07178	11.697	-2.27011	-4.72715	-1.17212	11.3988	-1.00163	11.4409	-2.15594	-4.69628
-1.23236	11.2244	-2.19472	-4.68771	-0.891441	10.959	-1.1085	11.2057	-2.12017	-4.71549
-1.23236	11.2244	-2.19472	-4.68771	-1.39289	11.0424	-1.21362	10.9695	-2.08575	-4.73364
-1.36323	10.7488	-1.87253	-4.80932	-1.29894	10.9012	-1.31706	10.7324	-2.05273	-4.75075
-1.36323	10.7488	-1.87253	-4.80932	-1.49687	10.4198	-1.41889	10.4945	-2.02111	-4.76686
-1.54214	10.2302	-1.67581	-4.92907	-1.59293	10.0212	-1.51917	10.2559	-1.99093	-4.78198
-1.54214	10.2302	-1.67581	-4.92907	-1.61875	10.2374	-1.61797	10.0165	-1.96221	-4.79615
-1.68977	9.77453	-1.59233	-4.89439	-1.59702	9.96554	-1.71539	9.77637	-1.93498	-4.80939
-1.68977	9.77453	-1.59233	-4.89439	-1.73381	9.71347	-1.81147	9.53564	-1.90924	-4.82172
-1.95041	9.27553	-1.61036	-4.97641	-2.27191	9.37316	-1.90631	9.29431	-1.88502	-4.83316
-1.95041	9.27553	-1.61036	-4.97641	-1.93833	8.77028	-1.99998	9.05243	-1.86233	-4.84374
-2.08481	8.8308	-1.55341	-4.91491	-1.96565	9.13274	-2.09256	8.81003	-1.8412	-4.85347
-2.08481	8.8308	-1.55341	-4.91491	-2.1768	8.5411	-2.18412	8.56717	-1.82164	-4.86238
-2.36882	8.31014	-1.69502	-4.97128	-2.65862	8.19477	-2.27474	8.32388	-1.80365	-4.87047
-2.36882	8.31014	-1.69502	-4.97128	-2.21875	8.15339	-2.3645	8.0802	-1.78726	-4.87778
-2.44137	7.90149	-1.4933	-4.90382	-2.273	8.52315	-2.45348	7.83617	-1.77248	-4.8843
-2.44137	7.90149	-1.4933	-4.90382	-2.59674	7.60288	-2.54177	7.59184	-1.75931	-4.89006
-2.77138	7.40396	-1.86675	-4.86033	-3.08256	7.38874	-2.62944	7.34723	-1.74777	-4.89507
-2.77138	7.40396	-1.86675	-4.86033	-2.79865	7.064	-2.71658	7.10238	-1.73786	-4.89933
-2.86513	6.95278	-1.60884	-4.87813	-2.79412	7.20818	-2.80326	6.85734	-1.72958	-4.90286
-2.86513	6.95278	-1.60884	-4.87813	-2.74651	6.86867	-2.88957	6.61214	-1.72295	-4.90566
-2.95405	6.50025	-1.58609	-4.77459	-2.57673	6.36755	-2.97559	6.36681	-1.71797	-4.90774
-2.95405	6.50025	-1.58609	-4.77459	-2.90217	6.22989	-3.0614	6.12139	-1.71464	-4.90911
-3.18643	6.00292	-1.63853	-4.84048	-3.50172	6.10796	-3.14709	5.87592	-1.71297	-4.90976
-3.18643	6.00292	-1.63853	-4.84048	-3.1778	5.53101	-3.23274	5.63043	-1.71295	-4.9097
-3.37	5.49263	-1.74504	-4.82547	-3.19736	5.19093	-3.31843	5.38496	-1.71458	-4.90893
-3.37	5.49263	-1.74504	-4.82547	-3.43031	5.10507	-3.40424	5.13955	-1.71787	-4.90745
-3.50106	5.0053	-1.60231	-4.8563	-3.4281	4.94644	-3.49026	4.89422	-1.72281	-4.90525
-3.50106	5.0053	-1.60231	-4.8563	-3.69435	4.52196	-3.57657	4.64902	-1.72939	-4.90233
-3.6954	4.48333	-1.75944	-4.84759	-3.50501	4.17643	-3.66325	4.40398	-1.73763	-4.89868
-3.6954	4.48333	-1.75944	-4.84759	-4.00238	4.04684	-3.75039	4.15913	-1.74749	-4.8943
-3.88084	3.99936	-1.72637	-4.87352	-4.06447	4.10977	-3.83806	3.91452	-1.75899	-4.88918
-3.88084	3.99936	-1.72637	-4.87352	-3.88053	3.75177	-3.92635	3.67019	-1.77212	-4.8833
-4.08002	3.5777	-1.86389	-4.76569	-4.23729	3.88878	-4.01533	3.42616	-1.78686	-4.87666
-4.08002	3.5777	-1.86389	-4.76569	-4.15119	3.21968	-4.10509	3.18248	-1.8032	-4.86925
-4.30022	3.05352	-1.99892	-4.79484	-4.27467	2.88187	-4.19571	2.93919	-1.82113	-4.86104
-4.30022	3.05352	-1.99892	-4.79484	-4.32451	2.55034	-4.28727	2.69633	-1.84065	-4.85202
-4.48386	2.53877	-1.964	-4.83777	-4.38481	2.39989	-4.37985	2.45393	-1.86173	-4.84218
-4.48386	2.53877	-1.964	-4.83777	-4.61223	2.09192	-4.47352	2.21205	-1.88436	-4.83149
-4.68058	2.05124	-2.14508	-4.76667	-4.29257	1.92854	-4.56836	1.97072	-1.90853	-4.81994
-4.68058	2.05124	-2.14508	-4.76667	-4.86829	1.53442	-4.66444	1.72998	-1.93422	-4.80751
-4.91958	1.53649	-2.287	-4.77954	-4.98165	1.43611	-4.76186	1.48989	-1.9614	-4.79417
-4.91958	1.53649	-2.287	-4.77954	-4.66779	1.28643	-4.86066	1.25049	-1.99007	-4.7799
-5.12066	1.07729	-2.26383	-4.73	-4.98594	1.10894	-4.96095	1.01182	-2.02019	-4.76468
-5.12066	1.07729	-2.26383	-4.73	-4.85498	0.825661	-5.06277	0.77393	-2.05174	-4.74848
-5.29065	0.481947	-2.19563	-4.89132	-4.84736	0.18101	-5.16621	0.536876	-2.08471	-4.73127
-5.29065	0.481947	-2.19563	-4.89132	-5.1231	0.257311	-5.27133	0.300706	-2.11906	-4.71303
-5.52574	0.00259474	-2.10708	-4.90818	-5.99809	-0.290765	-5.3782	0.0654719	-2.15477	-4.69374
-5.52574	0.00259474	-2.10708	-4.90818	-5.29972	-0.212982	-5.4869	-0.168772	-2.1918	-4.67335
-5.7563	-0.378643	-2.20928	-4.72079	-5.64447	-0.144522	-5.59748	-0.401971	-2.23014	-4.65185
-5.7563	-0.378643	-2.20928	-4.72079	-5.85359	-0.445801	-5.71001	-0.634069	-2.26974	-4.62919
-5.9486	-0.843975	-2.33985	-4.65743	-5.30947	-0.724468	-5.82456	-0.865006	-2.31058	-4.60536
-5.9486	-0.843975	-2.33985	-4.65743	-5.87835	-1.26863	-5.94118	-1.09472	-2.35262	-4.58032
-6.10873	-1.4012	-2.23775	-4.78783	-5.68069	-1.52871	-6.05993	-1.32316	-2.39581	-4.55404
-6.10873	-1.4012	-2.23775	-4.78783	-6.27263	-1.50938	-6.18087	-1.55025	-2.44014	-4.52648
-6.36155	-1.86219	-2.50671	-4.69663	-6.11355	-1.75966	-6.30406	-1.77593	-2.48555	-4.49762
-6.36155	-1.86219	-2.50671	-4.69663	-6.34007	-2.13685	-6.42954	-2.00014	-2.532	-4.46742
-6.66437	-2.26836	-2.66127	-4.54066	-6.99344	-2.17445	-6.55738	-2.22281	-2.57946	-4.43585
-6.66437	-2.26836	-2.66127	-4.54066	-6.79288	-2.4458	-6.68761	-2.44386	-2.62788	-4.40288
-6.96701	-2.69528	-2.82236	-4.43246	-7.14408	-2.67584	-6.82029	-2.66323	-2.6772	-4.36847
-6.96701	-2.69528	-2.82236	-4.43246	-6.8003	-3.10086	-6.95546	-2.88084	-2.7274	-4.3326
-7.21611	-3.16083	-2.80074	-4.43427	-7.13937	-3.22028	-7.09316	-3.09663	-2.7784	-4.29523
-7.21611	-3.16083	-2.80074	-4.43427	-7.12118	-3.26434	-7.23344	-3.3105	-2.83017	-4.25632
-7.49284	-3.68564	-2.77144	-4.54112	-7.77186	-4.08999	-7.37632	-3.5224	-2.88265	-4.21586
-7.49284	-3.68564	-2.77144	-4.54112	-7.49009	-3.49081	-7.52184	-3.73223	-2.93579	-4.1738
-7.76267	-4.09974	-2.86793	-4.44068	-7.52393	-3.88213	-7.67004	-3.93992	-2.98953	-4.13012
-7.76267	-4.09974	-2.86793	-4.44068	-7.88049	-4.29783	-7.82094	-4.14538	-3.04381	-4.08479
-8.04936	-4.5459	-2.91423	-4.40879	-8.08524	-4.57834	-7.97457	-4.34854	-3.09857	-4.03778
-8.04936	-4.5459	-2.91423	-4.40879	-8.22492	-4.79812	-8.13095	-4.5493	-3.15376	-3.98906
-8.32713	-4.96772	-2.85864	-4.35845	-8.453	-4.95621	-8.2901	-4.74759	-3.2093	-3.93862
-8.32713	-4.96772	-2.85864	-4.35845	-8.33552	-5.1059	-8.45204	-4.94331	-3.26514	-3.88641
-8.63532	-5.27399	-2.9488	-4.12715	-8.55062	-4.79248	-8.61678	-5.13637	-3.32121	-3.83242
-8.63532	-5.27399	-2.9488	-4.12715	-8.91477	-5.51752	-8.78433	-5.32669	-3.37745	-3.77663
-8.94574	-5.6761	-3.01364	-4.07633	-9.04115	-5.69364	-8.95469	-5.51417	-3.43377	-3.71901
-8.94574	-5.6761	-3.01364	-4.07633	-9.03391	-5.80267	-9.12788	-5.69872	-3.49012	-3.65955
-9.23139	-5.9695	-3.05965	-3.88119	-8.86897	-5.41973	-9.30388	-5.88026	-3.54643	-3.59823
-9.23139	-5.9695	-3.05965	-3.88119	-9.30811	-5.82368	-9.4827	-6.05868	-3.60261	-3.53503
-9.57611	-6.34273	-3.16605	-3.80504	-9.80646	-6.41174	-9.66432	-6.23389	-3.6586	-3.46994
-9.57611	-6.34273	-3.16605	-3.80504	-9.62547	-6.55958	-9.84874	-6.4058	-3.71431	-3.40295
-10.0652	-6.586	-3.57184	-3.44107	-10.6688	-6.35543	-10.0359	-6.57431	-3.76969	-3.33404
-10.0652	-6.586	-3.57184	-3.44107	-10.2246	-6.83402	-10.2259	-6.73933	-3.82463	-3.26321
-10.4176	-6.9079	-3.6929	-3.33136	-10.2205	-6.71044	-10.4186	-6.90075	-3.87907	-3.19046
-10.4176	-6.9079	-3.6929	-3.33136	-10.7616	-7.29159	-10.614	-7.05849	-3.93293	-3.11577
-10.8473	-7.14963	-3.9242	-3.05451	-10.8944	-6.83335	-10.8121	-7.21245	-3.98613	-3.03916
-10.8473	-7.14963	-3.9242	-3.05451	-11.2219	-7.56979	-11.0128	-7.36252	-4.03859	-2.96062
-11.2079	-7.45196	-3.97912	-2.95254	-10.986	-7.3707	-11.2161	-7.50862	-4.09021	-2.88015
-11.2079	-7.45196	-3.97912	-2.95254	-11.0934	-7.6776	-11.422	-7.65064	-4.14093	-2.79777
-11.6032	-7.69335	-4.08759	-2.74839	-11.4213	-7.46085	-11.6304	-7.78849	-4.19066	-2.71349
-11.6032	-7.69335	-4.08759	-2.74839	-11.5269	-7.8215	-11.8413	-7.92208	-4.23932	-2.6273
-12.0051	-7.91307	-4.14458	-2.49842	-11.9422	-7.88317	-12.0546	-8.05131	-4.28682	-2.53924
-12.0051	-7.91307	-4.14458	-2.49842	-12.09	-8.08828	-12.2702	-8.17609	-4.33309	-2.44932
-12.4357	-8.17451	-4.28772	-2.43511	-12.4462	-8.02117	-12.4881	-8.29633	-4.37802	-2.35756
-12.4357	-8.17451	-4.28772	-2.43511	-12.4231	-8.2599	-12.7082	-8.41193	-4.42156	-2.26399
-12.866	-8.32799	-4.36322	-2.09858	-12.7461	-8.19449	-12.9304	-8.5228	-4.4636	-2.16863
-12.866	-8.32799	-4.36322	-2.09858	-13.2911	-8.64594	-13.1547	-8.62886	-4.50407	-2.07151
-13.3707	-8.51509	-4.53299	-1.91269	-13.7929	-8.47158	-13.381	-8.73002	-4.54289	-1.97267
-13.3707	-8.51509	-4.53299	-1.91269	-13.384	-8.57583	-13.6092	-8.82619	-4.57997	-1.87214
-13.8449	-8.54096	-4.62777	-1.36216	-13.6376	-8.26344	-13.8392	-8.91729	-4.61524	-1.76997
-13.8449	-8.54096	-4.62777	-1.36216	-13.9959	-8.99264	-14.0709	-9.00324	-4.64861	-1.6662
-14.2918	-8.79166	-4.66712	-1.51996	-14.4737	-8.79552	-14.3043	-9.08395	-4.68001	-1.56086
-14.2918	-8.79166	-4.66712	-1.51996	-14.4273	-9.1875	-14.5391	-9.15936	-4.70936	-1.45402
-14.7105	-9.00836	-4.64803	-1.46478	-14.5757	-9.32634	-14.7754	-9.22939	-4.73658	-1.34573
-14.7105	-9.00836	-4.64803	-1.46478	-15.062	-9.04396	-15.013	-9.29397	-4.76161	-1.23603
-15.1927	-9.23368	-4.68548	-1.43846	-15.6189	-9.69365	-15.2517	-9.35302	-4.78436	-1.125
-15.1927	-9.23368	-4.68548	-1.43846	-15.6682	-9.56749	-15.4916	-9.40649	-4.80476	-1.01269
-15.6961	-9.29766	-4.75186	-1.06108	-15.9382	-9.35751	-15.7324	-9.45431	-4.82275	-0.899159
-15.6961	-9.29766	-4.75186	-1.06108	-16.0862	-9.59819	-15.9741	-9.49642	-4.83827	-0.784484
-16.2587	-9.23351	-4.87382	-0.530379	-16.6033	-8.85459	-16.2164	-9.53277	-4.85124	-0.668734
-16.2587	-9.23351	-4.87382	-0.530379	-16.4229	-9.37029	-16.4594	-9.5633	-4.8616	-0.55198
-16.6619	-9.29238	-4.82269	-0.312935	-16.011	-9.33486	-16.7027	-9.58797	-4.8693	-0.434301
-16.6619	-9.29238	-4.82269	-0.312935	-17.1132	-9.43043	-16.9464	-9.60673	-4.87427	-0.315773
-17.0399	-9.66639	-4.7244	-0.734462	-16.9255	-10.8571	-17.1903	-9.61954	-4.87646	-0.196479
-17.0399	-9.66639	-4.7244	-0.734462	-17.5448	-9.57485	-17.4342	-9.62636	-4.87583	-0.0765024
-17.5891	-9.62386	-4.80544	-0.338807	-18.1371	-9.39146	-17.6781	-9.62717	-4.87232	0.0440703
-17.5891	-9.62386	-4.80544	-0.338807	-17.9724	-9.42299	-17.9216	-9.62194	-4.86588	0.165151
-18.1167	-9.50778	-4.83315	0.164059	-18.3083	-9.18778	-18.1648	-9.61064	-4.85648	0.286648
-18.1167	-9.50778	-4.83315	0.164059	-18.2763	-9.60997	-18.4074	-9.59325	-4.84408	0.40847
-18.5501	-9.55161	-4.805	0.194264	-18.2443	-9.58547	-18.6493	-9.56977	-4.82864	0.530522
-18.5501	-9.55161	-4.805	0.194264	-18.9545	-9.51544	-18.8904	-9.54017	-4.81012	0.652707
-19.0132	-9.46245	-4.79447	0.420082	-18.6983	-9.02886	-19.1305	-9.50447	-4.78851	0.774927
-19.0132	-9.46245	-4.79447	0.420082	-19.2983	-9.09865	-19.3694	-9.46265	-4.76378	0.897083
-19.533	-9.24289	-4.74908	0.968905	-19.7037	-8.79906	-19.6069	-9.41472	-4.73591	1.01907
-19.533	-9.24289	-4.74908	0.968905	-19.8731	-8.96417	-19.8431	-9.36071	-4.70487	1.1408
-20.0897	-8.8754	-4.69773	1.5556	-20.3815	-7.6755	-20.0775	-9.30061	-4.67066	1.26215
-20.0897	-8.8754	-4.69773	1.5556	-20.1607	-9.59663	-20.3102	-9.23446	-4.63328	1.38303
-20.5183	-8.92062	-4.66499	1.4452	-20.4587	-9.7448	-20.5409	-9.16227	-4.59271	1.50334
-20.5183	-8.92062	-4.66499	1.4452	-20.6596	-8.91527	-20.7696	-9.08409	-4.54895	1.62296
-21.0373	-8.7101	-4.61244	1.74942	-21.5568	-8.5005	-20.9959	-8.99994	-4.50202	1.74179
-21.0373	-8.7101	-4.61244	1.74942	-21.0195	-8.85081	-21.2198	-8.90987	-4.45191	1.85972
-21.5207	-8.52159	-4.51981	2.01912	-21.8628	-8.64129	-21.4412	-8.81393	-4.39865	1.97666
-21.5207	-8.52159	-4.51981	2.01912	-21.5029	-8.87191	-21.6597	-8.71217	-4.34224	2.0925
-21.9668	-8.10769	-4.25481	2.63243	-21.9514	-7.41274	-21.8754	-8.60465	-4.2827	2.20712
-21.9668	-8.10769	-4.25481	2.63243	-21.9793	-8.57089	-22.0881	-8.49143	-4.22007	2.32043
-22.3778	-7.87359	-4.18507	2.69699	-22.1914	-7.70392	-22.2975	-8.37258	-4.15437	2.43232
-22.3778	-7.87359	-4.18507	2.69699	-22.5838	-8.35296	-22.5035	-8.24817	-4.08564	2.5427
-22.7329	-7.73506	-4.02959	2.78458	-22.3177	-8.57758	-22.7061	-8.11829	-4.01391	2.65145
-22.7329	-7.73506	-4.02959	2.78458	-22.9861	-7.6724	-22.9049	-7.98301	-3.93923	2.75848
-23.1117	-7.53486	-3.79545	3.02933	-23.2693	-8.32031	-23.1	-7.84243	-3.86163	2.8637
-23.1117	-7.53486	-3.79545	3.02933	-23.4777	-7.56583	-23.2911	-7.69663	-3.78118	2.967
-23.5048	-7.23422	-3.73993	3.10423	-23.473	-7.02103	-23.4781	-7.54572	-3.69792	3.06828
-23.5048	-7.23422	-3.73993	3.10423	-23.5408	-7.36069	-23.6609	-7.3898	-3.61191	3.16746
-23.8958	-6.87732	-3.62072	3.28748	-24.0505	-6.56968	-23.8393	-7.22897	-3.52321	3.26445
-23.8958	-6.87732	-3.62072	3.28748	-23.9384	-7.26171	-24.0132	-7.06336	-3.43189	3.35916
-24.2552	-6.45052	-3.40288	3.57101	-24.3577	-5.94086	-24.1825	-6.89307	-3.33801	3.45149
-24.2552	-6.45052	-3.40288	3.57101	-24.2574	-6.4352	-24.347	-6.71823	-3.24166	3.54138
-24.5813	-6.20829	-3.16341	3.71346	-24.788	-7.18367	-24.5066	-6.53896	-3.14289	3.62873
-24.5813	-6.20829	-3.16341	3.71346	-24.3008	-6.43799	-24.6612	-6.35538	-3.0418	3.71347
-24.8552	-5.8442	-2.90495	3.8921	-24.6108	-6.00878	-24.8107	-6.16764	-2.93846	3.79553
-24.8552	-5.8442	-2.90495	3.8921	-25.146	-5.91902	-24.955	-5.97587	-2.83295	3.87484
-25.1187	-5.39448	-2.66949	4.07825	-24.8975	-5.02285	-25.094	-5.7802	-2.72537	3.95132
-25.1187	-5.39448	-2.66949	4.07825	-25.1941	-5.64372	-25.2276	-5.58079	-2.61581	4.02492
-25.4065	-5.06076	-2.5781	4.09798	-25.5328	-5.4399	-25.3556	-5.37777	-2.50435	4.09557
-25.4065	-5.06076	-2.5781	4.09798	-25.5713	-5.10241	-25.4779	-5.1713	-2.39109	4.16322
-25.6172	-4.90064	-2.48964	3.97335	-25.0178	-6.55904	-25.5946	-4.96152	-2.27613	4.22781
-25.6172	-4.90064	-2.48964	3.97335	-25.6952	-4.89995	-25.7055	-4.7486	-2.15956	4.2893
-25.857	-4.48736	-2.32988	4.07643	-25.8162	-4.40681	-25.8105	-4.53268	-2.04149	4.34764
-25.857	-4.48736	-2.32988	4.07643	-25.9516	-4.26659	-25.9096	-4.31392	-1.92202	4.40279
-26.1101	-4.11238	-1.9977	4.24015	-26.8953	-4.43966	-26.0027	-4.0925	-1.80125	4.45471
-26.1101	-4.11238	-1.9977	4.24015	-26.1198	-3.67723	-26.0897	-3.86856	-1.67928	4.50337
-26.2859	-3.68198	-1.58744	4.41739	-26.5652	-3.85723	-26.1706	-3.64227	-1.55623	4.54875
-26.2859	-3.68198	-1.58744	4.41739	-25.9974	-3.24722	-26.2453	-3.41381	-1.4322	4.59081
-26.3987	-3.18805	-1.16435	4.575	-26.2976	-3.01078	-26.3138	-3.18332	-1.30729	4.62954
-26.3987	-3.18805	-1.16435	4.575	-26.1741	-2.87885	-26.376	-2.95098	-1.18162	4.66493
-26.5018	-2.82138	-0.892581	4.57587	-26.4681	-3.44967	-26.4319	-2.71697	-1.05529	4.69696
-26.5018	-2.82138	-0.892581	4.57587	-26.674	-2.73852	-26.4815	-2.48143	-0.928411	4.72562
-26.6057	-2.29953	-0.6902	4.64546	-26.657	-1.72382	-26.5247	-2.24456	-0.80109	4.75091
-26.6057	-2.29953	-0.6902	4.64546	-26.6691	-2.17333	-26.5616	-2.0065	-0.673434	4.77284
-26.6543	-1.77609	-0.493784	4.69438	-26.3248	-1.32261	-26.5921	-1.76744	-0.545553	4.79141
-26.6543	-1.77609	-0.493784	4.69438	-26.4671	-1.53207	-26.6161	-1.52753	-0.417552	4.80664
-26.6559	-1.41089	-0.144284	4.64947	-26.4998	-2.19526	-26.6338	-1.28695	-0.289538	4.81852
-26.6559	-1.41089	-0.144284	4.64947	-26.5998	-1.14277	-26.6451	-1.04586	-0.161616	4.8271
-26.7165	-1.03785	0.0329637	4.60216	-27.2008	-1.67679	-26.65	-0.804425	-0.0338883	4.83238
-26.7165	-1.03785	0.0329637	4.60216	-26.7355	-0.59539	-26.6485	-0.562811	0.0935412	4.83439
-26.7114	-0.508134	0.371226	4.64144	-26.9891	0.0351487	-26.6406	-0.321181	0.220572	4.83317
-26.7114	-0.508134	0.371226	4.64144	-26.4553	0.0602653	-26.6264	-0.0796947	0.347104	4.82874
-26.682	-0.0442499	0.663297	4.6161	-26.9537	0.136943	-26.6059	0.161489	0.473041	4.82116
-26.682	-0.0442499	0.663297	4.6161	-26.6201	0.57588	-26.5792	0.402213	0.598287	4.81045
-26.6465	0.410409	0.806701	4.58247	-26.8241	0.381506	-26.5462	0.642323	0.722748	4.79667
-26.6465	0.410409	0.806701	4.58247	-26.7293	1.06082	-26.5069	0.881666	0.846334	4.77986
-26.5367	1.14435	0.945134	4.72232	-25.9562	2.60409	-26.4616	1.12009	0.968955	4.76007
-26.5367	1.14435	0.945134	4.72232	-26.3986	1.42212	-26.4101	1.35745	1.09053	4.73737
-26.4651	1.3051	1.0298	4.49826	-26.5072	-0.563928	-26.3526	1.59361	1.21096	4.71181
-26.4651	1.3051	1.0298	4.49826	-26.3594	1.79315	-26.2891	1.82841	1.33018	4.68345
-26.342	1.75812	1.27217	4.44272	-26.3475	1.82827	-26.2197	2.06173	1.44811	4.65235
-26.342	1.75812	1.27217	4.44272	-26.2502	2.18481	-26.1444	2.29342	1.56467	4.61859
-26.2083	2.21634	1.39787	4.4091	-26.069	2.27896	-26.0633	2.52336	1.67979	4.58223
-26.2083	2.21634	1.39787	4.4091	-26.0641	2.80701	-25.9765	2.75141	1.79339	4.54334
-26.0496	2.6883	1.73639	4.32473	-26.3234	3.02388	-25.8841	2.97746	1.90543	4.502
-26.0496	2.6883	1.73639	4.32473	-25.8345	3.42005	-25.7861	3.20139	2.01582	4.45828
-25.8914	3.19812	1.94633	4.29276	-26.1824	3.73376	-25.6826	3.42306	2.12452	4.41227
-25.8914	3.19812	1.94633	4.29276	-25.6666	3.63509	-25.5737	3.64239	2.23146	4.36404
-25.6734	3.55359	2.18323	4.13163	-25.5773	3.13316	-25.4596	3.85924	2.3366	4.31367
-25.6734	3.55359	2.18323	4.13163	-25.7492	3.99968	-25.3402	4.07353	2.43989	4.26125
-25.4399	3.93393	2.38338	3.9982	-25.3516	3.75691	-25.2157	4.28514	2.54127	4.20686
-25.4399	3.93393	2.38338	3.9982	-25.0214	4.52803	-25.0863	4.49399	2.64071	4.15058
-25.1234	4.33349	2.56647	3.88479	-24.2719	4.30917	-24.9518	4.69998	2.73817	4.09251
-25.1234	4.33349	2.56647	3.88479	-25.0363	4.88499	-24.8126	4.90303	2.83361	4.03273
-24.8116	4.75082	2.78045	3.7706	-24.3609	4.95947	-24.6686	5.10304	2.92701	3.97132
-24.8116	4.75082	2.78045	3.7706	-24.5041	5.35293	-24.5201	5.29995	3.01833	3.90839
-24.4938	5.12406	3.07402	3.56575	-24.4379	5.24592	-24.367	5.49367	3.10754	3.84401
-24.4938	5.12406	3.07402	3.56575	-24.1159	5.61152	-24.2095	5.68414	3.19464	3.77827
-24.2052	5.36751	3.28614	3.28795	-24.5638	4.75836	-24.0477	5.8713	3.27959	3.71127
-24.2052	5.36751	3.28614	3.28795	-23.9153	5.94377	-23.8818	6.05508	3.36239	3.64309
-23.8768	5.81	3.30358	3.31224	-23.5491	6.44495	-23.7117	6.23542	3.44302	3.57383
-23.8768	5.81	3.30358	3.31224	-23.6471	6.29102	-23.5377	6.41227	3.52148	3.50357
-23.568	6.20427	3.37862	3.27471	-23.7544	6.53746	-23.3598	6.58559	3.59775	3.4324
-23.568	6.20427	3.37862	3.27471	-23.0099	6.86182	-23.1781	6.75533	3.67185	3.36041
-23.1932	6.41031	3.52315	3.02676	-22.7862	5.74143	-22.9928	6.92146	3.74376	3.28768
-23.1932	6.41031	3.52315	3.02676	-22.6991	7.063	-22.804	7.08393	3.8135	3.21431
-22.7801	6.69667	3.7523	2.78368	-22.418	6.76159	-22.6117	7.24273	3.88106	3.14038
-22.7801	6.69667	3.7523	2.78368	-22.5083	7.31524	-22.4161	7.39782	3.94647	3.06598
-22.3244	7.06851	4.07346	2.52883	-22.0543	7.85452	-22.2173	7.54917	4.00974	2.99118
-22.3244	7.06851	4.07346	2.52883	-22.1947	7.69478	-22.0154	7.69679	4.07087	2.91607
-21.8936	7.59323	4.13861	2.67316	-21.6178	9.0351	-21.8105	7.84064	4.12989	2.84074
-21.8936	7.59323	4.13861	2.67316	-21.6473	7.94	-21.6026	7.98072	4.18681	2.76526
-21.5184	7.86023	4.18566	2.56091	-21.8637	7.78661	-21.392	8.11703	4.24166	2.68971
-21.5184	7.86023	4.18566	2.56091	-21.0853	7.83229	-21.1787	8.24957	4.29447	2.61417
-21.0474	8.3434	4.2267	2.7391	-20.5503	9.28616	-20.9628	8.37833	4.34526	2.53871
-21.0474	8.3434	4.2267	2.7391	-21.0519	8.50983	-20.7444	8.50333	4.39406	2.46341
-20.5314	8.67714	4.47536	2.4955	-19.9265	9.40847	-20.5237	8.62457	4.4409	2.38835
-20.5314	8.67714	4.47536	2.4955	-20.21	8.68914	-20.3006	8.74206	4.48582	2.31358
-20.1102	8.94701	4.46614	2.48038	-20.2277	8.8532	-20.0753	8.85583	4.52884	2.23919
-20.1102	8.94701	4.46614	2.48038	-20.0633	8.86724	-19.848	8.96589	4.57001	2.16524
-19.7052	9.15594	4.44183	2.42194	-19.9264	8.78179	-19.6186	9.07227	4.60937	2.09179
-19.7052	9.15594	4.44183	2.42194	-19.4861	8.96665	-19.3873	9.17499	4.64694	2.01891
-19.1662	9.49728	4.63836	2.28435	-18.5719	10.2069	-19.1542	9.27409	4.68278	1.94666
-19.1662	9.49728	4.63836	2.28435	-18.6786	9.19191	-18.9193	9.36959	4.71692	1.8751
-18.768	9.58425	4.67198	1.97924	-19.2825	8.98189	-18.6827	9.46154	4.7494	1.80429
-18.768	9.58425	4.67198	1.97924	-18.4242	9.46852	-18.4446	9.54996	4.78028	1.73429
-18.2896	9.57102	4.80253	1.43787	-18.1634	8.72444	-18.2049	9.63492	4.80959	1.66514
-18.2896	9.57102	4.80253	1.43787	-17.7736	9.72478	-17.9639	9.71643	4.83737	1.59691
-17.7616	9.77157	4.8519	1.36484	-17.2296	9.97767	-17.7214	9.79457	4.86368	1.52964
-17.7616	9.77157	4.8519	1.36484	-17.3436	9.88109	-17.4777	9.86936	4.88856	1.46338
-17.2521	9.94934	4.93172	1.20661	-17.1554	10.212	-17.2328	9.94087	4.91205	1.39818
-17.2521	9.94934	4.93172	1.20661	-16.8876	10.145	-16.9868	10.0091	4.93421	1.33408
-16.7416	10.0785	4.981	1.04782	-16.5958	10.1078	-16.7396	10.0743	4.95507	1.27113
-16.7416	10.0785	4.981	1.04782	-16.5153	10.3091	-16.4915	10.1362	4.97469	1.20937
-16.2129	10.2489	5.04842	0.946147	-16.09	10.5824	-16.2424	10.1952	4.99311	1.14883
-16.2129	10.2489	5.04842	0.946147	-16.006	10.1843	-15.9924	10.2511	5.01039	1.08956
-15.7107	10.375	5.05477	0.901692	-15.7234	10.41	-15.7416	10.3041	5.02655	1.03159
-15.7107	10.375	5.05477	0.901692	-15.5699	10.1904	-15.4899	10.3543	5.04166	0.974957
-15.0748	10.5113	5.23315	0.593481	-14.2385	10.9109	-15.2376	10.4016	5.05576	0.919692
-15.0748	10.5113	5.23315	0.593481	-14.9365	10.4722	-14.9846	10.4462	5.06889	0.865828
-14.6266	10.4721	5.10856	0.554325	-14.724	9.63507	-14.7309	10.4882	5.0811	0.813394
-14.6266	10.4721	5.10856	0.554325	-14.4088	10.222	-14.4766	10.5276	5.09243	0.762418
-14.0912	10.5338	5.13966	0.434633	-13.9005	10.5238	-14.2218	10.5645	5.10293	0.712926
-14.0912	10.5338	5.13966	0.434633	-13.8049	10.9383	-13.9665	10.5989	5.11263	0.664944
-13.5483	10.6728	5.14571	0.599264	-13.3956	10.7857	-13.7107	10.631	5.12159	0.618496
-13.5483	10.6728	5.14571	0.599264	-13.3556	10.5517	-13.4545	10.6608	5.12983	0.573603
-13.0199	10.732	5.17503	0.473062	-12.9374	10.8137	-13.1979	10.6884	5.13741	0.530288
-13.0199	10.732	5.17503	0.473062	-12.9591	11.0099	-12.9409	10.7138	5.14436	0.48857
-12.4482	10.8835	5.23195	0.559565	-12.2518	11.2495	-12.6836	10.7373	5.15071	0.448467
-12.4482	10.8835	5.23195	0.559565	-12.3713	10.6091	-12.426	10.7587	5.15651	0.409997
-11.9261	10.9513	5.2306	0.563035	-11.9352	10.9161	-12.1681	10.7783	5.16179	0.373177
-11.9261	10.9513	5.2306	0.563035	-11.9451	11.0515	-11.91	10.7961	5.16658	0.338022
-11.3507	11.0121	5.28206	0.485141	-10.9703	10.9676	-11.6516	10.8121	5.17092	0.304546
-11.3507	11.0121	5.28206	0.485141	-11.4548	10.9407	-11.393	10.8265	5.17484	0.272761
-10.9247	10.8449	5.19515	-0.166401	-11.3472	10.5111	-11.1342	10.8394	5.17836	0.242681
-10.9247	10.8449	5.19515	-0.166401	-10.6009	10.6823	-10.8753	10.8509	5.18153	0.214317
-10.4421	10.8174	5.15374	-0.302216	-10.6563	10.8369	-10.6161	10.8609	5.18435	0.187679
-10.4421	10.8174	5.15374	-0.302216	-10.4142	10.8747	-10.3569	10.8697	5.18687	0.162776
-9.91675	10.9123	5.14764	-0.0196292	-9.90413	11.2255	-10.0976	10.8772	5.1891	0.139618
-9.91675	10.9123	5.14764	-0.0196292	-9.83445	11.1032	-9.83809	10.8837	5.19106	0.118212
-9.54517	10.8013	5.00126	-0.155119	-10.195	10.3498	-9.57852	10.8891	5.19278	0.0985664
-9.54517	10.8013	5.00126	-0.155119	-9.3066	11.0348	-9.31887	10.8936	5.19428	0.0806865
-9.09468	10.7307	4.93845	-0.207019	-9.2226	10.3527	-9.05915	10.8972	5.19557	0.0645787
-9.09468	10.7307	4.93845	-0.207019	-8.78899	11.0707	-8.79937	10.9001	5.19667	0.050248
-8.67576	10.6103	4.84355	-0.322064	-8.83914	10.0319	-8.53953	10.9023	5.19759	0.0376992
-8.67576	10.6103	4.84355	-0.322064	-8.62045	10.6577	-8.27965	10.9039	5.19835	0.0269359
-8.12146	10.6842	4.92346	-0.181447	-7.91543	11.1157	-8.01974	10.905	5.19896	0.0179617
-8.12146	10.6842	4.92346	-0.181447	-7.51971	11.0005	-7.75979	10.9057	5.19942	0.0107791
-7.56641	10.7066	4.98138	-0.0763324	-7.25987	10.6458	-7.49981	10.9061	5.19975	0.00539029
-7.56641	10.7066	4.98138	-0.0763324	-7.15631	10.815	-7.23983	10.9063	5.19994	0.00179692
